8 0.255903 0.395833 0.068750 0.082407
8 0.589583 0.406019 0.069444 0.089815
7 0.783333 0.643981 0.068056 0.091667
7 0.572569 0.768056 0.067361 0.093519
6 0.504861 0.754167 0.066667 0.093519
6 0.373264 0.417593 0.067361 0.094444
5 0.510069 0.406481 0.065972 0.090741
5 0.675694 0.767593 0.066667 0.088889
4 0.435417 0.350926 0.045833 0.061111
4 0.808681 0.731019 0.042361 0.062037
3 0.710764 0.634722 0.045139 0.060185
3 0.730208 0.453241 0.043750 0.058333
2 0.532639 0.507870 0.044444 0.056481
2 0.734028 0.726852 0.040278 0.057407
1 0.789583 0.538889 0.043056 0.057407
1 0.508333 0.676852 0.045833 0.061111
0 0.562847 0.468981 0.045139 0.062037
0 0.262153 0.673148 0.046528 0.061111
