0 0.563542 0.469907 0.043750 0.054630
0 0.263194 0.673148 0.044444 0.059259
1 0.508681 0.675926 0.049306 0.061111
1 0.789583 0.537037 0.041667 0.055556
2 0.533681 0.508333 0.043750 0.057407
2 0.734028 0.724074 0.045833 0.057407
3 0.710764 0.633333 0.047917 0.057407
3 0.728472 0.452778 0.045833 0.061111
4 0.435069 0.349537 0.043750 0.058333
4 0.806597 0.728704 0.045139 0.057407
5 0.510764 0.405093 0.065972 0.089815
5 0.675347 0.767130 0.065972 0.093519
6 0.373264 0.418519 0.068750 0.094444
6 0.505903 0.753704 0.064583 0.090741
7 0.573958 0.768056 0.067361 0.095370
7 0.783681 0.642593 0.065972 0.092593
8 0.590972 0.401852 0.069444 0.092593
8 0.257292 0.395370 0.068750 0.090741
