8 0.247569 0.385185 0.070139 0.094444
8 0.583333 0.405093 0.068056 0.089815
7 0.775347 0.650926 0.071528 0.094444
7 0.563194 0.774074 0.068056 0.094444
6 0.363889 0.415741 0.070833 0.090741
6 0.495833 0.759722 0.068056 0.089815
5 0.502431 0.402315 0.068750 0.099074
5 0.668056 0.771759 0.069444 0.091667
4 0.429167 0.345833 0.047222 0.063889
4 0.794097 0.738889 0.043750 0.059259
3 0.723958 0.459259 0.046528 0.061111
3 0.705208 0.641204 0.043750 0.062037
2 0.526736 0.509722 0.043750 0.056481
2 0.718750 0.737037 0.045833 0.059259
1 0.783333 0.545833 0.044444 0.056481
1 0.500694 0.679630 0.045833 0.061111
0 0.247222 0.668981 0.050000 0.060185
0 0.557639 0.472222 0.044444 0.057407
