0 0.571528 0.375926 0.041667 0.055556
0 0.226736 0.632407 0.045139 0.061111
1 0.504514 0.678241 0.049306 0.058333
1 0.762500 0.501389 0.045833 0.058333
2 0.726389 0.694907 0.043056 0.060185
2 0.520486 0.399537 0.043750 0.058333
3 0.723264 0.615278 0.043750 0.060185
3 0.778472 0.355093 0.043056 0.058333
4 0.775000 0.692593 0.048611 0.055556
4 0.420486 0.282407 0.046528 0.064815
5 0.489583 0.331019 0.066667 0.082407
5 0.687847 0.767593 0.072917 0.094444
6 0.357639 0.390741 0.069444 0.092593
6 0.497222 0.772222 0.069444 0.096296
7 0.568056 0.771759 0.073611 0.100926
7 0.779167 0.616667 0.068056 0.088889
8 0.596528 0.309722 0.066667 0.091667
8 0.251389 0.373611 0.068056 0.091667
