8 0.247222 0.377778 0.075000 0.100000
8 0.596181 0.277778 0.068750 0.092593
7 0.778472 0.602315 0.068056 0.089815
7 0.568056 0.768519 0.066667 0.092593
6 0.356944 0.389352 0.069444 0.095370
6 0.498264 0.775000 0.067361 0.087037
5 0.487153 0.301389 0.067361 0.091667
5 0.686111 0.766204 0.073611 0.100926
4 0.421528 0.264352 0.045833 0.058333
4 0.767708 0.675000 0.045139 0.057407
3 0.722569 0.593519 0.045139 0.059259
3 0.768750 0.316667 0.045833 0.061111
2 0.522917 0.353704 0.043056 0.055556
2 0.723958 0.681944 0.045139 0.060185
1 0.761111 0.484722 0.045833 0.060185
1 0.504861 0.679630 0.044444 0.062963
0 0.219097 0.627315 0.043750 0.058333
0 0.570833 0.341667 0.043056 0.055556
