0 0.180903 0.705093 0.047917 0.062037
0 0.384375 0.726852 0.046528 0.059259
1 0.526389 0.632870 0.048611 0.062037
1 0.740972 0.543056 0.047222 0.058333
2 0.524653 0.457870 0.042361 0.060185
2 0.702778 0.672685 0.041667 0.062037
3 0.659375 0.684259 0.046528 0.061111
3 0.777083 0.243519 0.048611 0.064815
4 0.435764 0.517593 0.043750 0.059259
4 0.765972 0.756481 0.045833 0.059259
5 0.211806 0.275463 0.072222 0.093519
5 0.694097 0.751852 0.070139 0.090741
6 0.360417 0.529630 0.068056 0.094444
6 0.447569 0.750926 0.068750 0.098148
7 0.757639 0.686111 0.069444 0.088889
7 0.530903 0.753241 0.068750 0.097222
8 0.320139 0.648148 0.069444 0.088889
8 0.532292 0.383333 0.071528 0.094444
