8 0.534028 0.387037 0.070833 0.094444
8 0.318056 0.646296 0.072222 0.096296
7 0.529167 0.758333 0.069444 0.098148
7 0.755556 0.691667 0.069444 0.087037
6 0.362500 0.528704 0.072222 0.096296
6 0.446181 0.752778 0.070139 0.094444
5 0.212500 0.278704 0.077778 0.094444
5 0.692361 0.754630 0.069444 0.094444
4 0.437153 0.519907 0.046528 0.060185
4 0.765625 0.761574 0.045139 0.060185
3 0.659722 0.689352 0.045833 0.058333
3 0.779514 0.248148 0.046528 0.064815
2 0.525347 0.458796 0.046528 0.058333
2 0.703472 0.679167 0.040278 0.058333
1 0.739583 0.547685 0.045833 0.065741
1 0.527778 0.632407 0.043056 0.059259
0 0.179167 0.706944 0.047222 0.058333
0 0.384375 0.725926 0.045139 0.062963
