0 0.37256944444444445 0.27870370370370373 0.03958333333333333 0.04814814814814815
0 0.7177083333333334 0.16296296296296298 0.03958333333333333 0.05185185185185186
1 0.4118055555555556 0.19583333333333333 0.03888888888888889 0.05277777777777778
1 0.3298611111111111 0.3287037037037037 0.03888888888888889 0.05185185185185186
2 0.6861111111111111 0.21805555555555556 0.04166666666666667 0.05462962962962963
2 0.7395833333333334 0.21296296296296297 0.04166666666666667 0.05
3 0.33298611111111115 0.2101851851851852 0.043750000000000004 0.05925925925925926
3 0.7486111111111111 0.2712962962962963 0.03888888888888889 0.05185185185185186
4 0.3125 0.2726851851851852 0.0375 0.049074074074074076
4 0.42291666666666666 0.2537037037037037 0.0375 0.05925925925925926
