0 0.7270833333333334 0.15324074074074073 0.03333333333333333 0.049074074074074076
0 0.3871527777777778 0.2851851851851852 0.03819444444444445 0.05740740740740741
1 0.421875 0.19166666666666668 0.04652777777777778 0.05925925925925926
1 0.3472222222222222 0.33472222222222225 0.04027777777777778 0.05092592592592593
2 0.6996527777777778 0.19861111111111113 0.04236111111111111 0.05277777777777778
2 0.7555555555555555 0.19907407407407407 0.036111111111111115 0.0462962962962963
3 0.34131944444444445 0.20833333333333334 0.04097222222222222 0.05925925925925926
3 0.7614583333333333 0.2555555555555556 0.04097222222222222 0.05555555555555556
4 0.3229166666666667 0.2689814814814815 0.04027777777777778 0.05092592592592593
4 0.434375 0.2537037037037037 0.03819444444444445 0.053703703703703705
