0 0.7156250000000001 0.7296296296296296 0.06319444444444444 0.09074074074074075
0 0.5128472222222222 0.6203703703703703 0.06875 0.08888888888888889
7 0.45659722222222227 0.700462962962963 0.07152777777777779 0.08611111111111111
7 0.33784722222222224 0.5851851851851853 0.06736111111111111 0.08518518518518518
6 0.31319444444444444 0.45555555555555555 0.06805555555555556 0.0925925925925926
6 0.5013888888888889 0.38842592592592595 0.06666666666666667 0.08981481481481482
8 0.5736111111111112 0.48703703703703705 0.059722222222222225 0.07777777777777778
8 0.6361111111111112 0.5689814814814815 0.0638888888888889 0.08425925925925926
5 0.25833333333333336 0.5833333333333334 0.0638888888888889 0.08148148148148149
5 0.41770833333333335 0.325 0.06736111111111111 0.09814814814814815
