5 0.6510416666666667 0.337037037037037 0.06319444444444444 0.08333333333333334
5 0.3524305555555556 0.5564814814814815 0.06319444444444444 0.08148148148148149
7 0.4277777777777778 0.5921296296296297 0.0638888888888889 0.07685185185185185
7 0.7680555555555556 0.5990740740740741 0.06527777777777778 0.08518518518518518
7 0.7927083333333333 0.6888888888888889 0.06875 0.08888888888888889
7 0.7927083333333333 0.7791666666666667 0.07013888888888889 0.08981481481481482
8 0.7781250000000001 0.4814814814814815 0.06597222222222222 0.08518518518518518
8 0.7694444444444445 0.32407407407407407 0.06527777777777778 0.08518518518518518
6 0.7180555555555556 0.3814814814814815 0.059722222222222225 0.08148148148148149
6 0.4118055555555556 0.5023148148148149 0.0625 0.08611111111111111
