5 0.3513888888888889 0.5407407407407407 0.061111111111111116 0.08148148148148149
5 0.6607638888888889 0.34074074074074073 0.05902777777777778 0.08148148148148149
6 0.409375 0.4953703703703704 0.06319444444444444 0.08518518518518518
6 0.7190972222222223 0.38657407407407407 0.06041666666666667 0.08425925925925926
7 0.7694444444444445 0.6041666666666667 0.06527777777777778 0.08055555555555556
7 0.7909722222222223 0.6986111111111112 0.07361111111111111 0.08981481481481482
7 0.7864583333333334 0.7870370370370371 0.06875 0.07962962962962963
7 0.4215277777777778 0.587037037037037 0.0625 0.08703703703703704
8 0.7722222222222223 0.3314814814814815 0.061111111111111116 0.08888888888888889
8 0.7784722222222222 0.4666666666666667 0.061111111111111116 0.08148148148148149
