5 0.3541666666666667 0.549537037037037 0.0638888888888889 0.08055555555555556
5 0.6576388888888889 0.3523148148148148 0.061111111111111116 0.08240740740740742
6 0.409375 0.4981481481481482 0.06319444444444444 0.08333333333333334
6 0.7208333333333333 0.3962962962962963 0.061111111111111116 0.08148148148148149
7 0.7729166666666667 0.6101851851851852 0.06666666666666667 0.0925925925925926
7 0.7875 0.7032407407407407 0.0625 0.08240740740740742
7 0.7899305555555556 0.7902777777777779 0.06736111111111111 0.08611111111111111
7 0.42673611111111115 0.5972222222222222 0.06180555555555556 0.08148148148148149
8 0.7743055555555556 0.34305555555555556 0.061111111111111116 0.08981481481481482
8 0.7819444444444444 0.4569444444444445 0.06944444444444445 0.08981481481481482
