5 0.34756944444444443 0.562962962962963 0.06597222222222222 0.08333333333333334
5 0.6652777777777779 0.3736111111111111 0.061111111111111116 0.09351851851851853
6 0.4083333333333333 0.5115740740740741 0.06944444444444445 0.08425925925925926
6 0.7288194444444445 0.4199074074074074 0.06597222222222222 0.08796296296296297
7 0.7760416666666667 0.6462962962962964 0.06180555555555556 0.08148148148148149
7 0.7895833333333334 0.737962962962963 0.07083333333333333 0.09074074074074075
7 0.7885416666666667 0.8300925925925926 0.07013888888888889 0.08981481481481482
7 0.4138888888888889 0.6078703703703704 0.06805555555555556 0.08611111111111111
8 0.7927083333333333 0.3592592592592593 0.07013888888888889 0.1
8 0.7923611111111112 0.4902777777777778 0.06944444444444445 0.08981481481481482
