5 0.34444444444444444 0.5717592592592593 0.0638888888888889 0.08981481481481482
5 0.6475694444444444 0.40185185185185185 0.07013888888888889 0.08703703703703704
6 0.4076388888888889 0.5328703703703704 0.0638888888888889 0.08981481481481482
6 0.7288194444444445 0.4328703703703704 0.06180555555555556 0.08425925925925926
7 0.7729166666666667 0.6768518518518519 0.0625 0.08148148148148149
7 0.7934027777777778 0.7657407407407407 0.07152777777777779 0.08703703703703704
7 0.7802083333333334 0.8569444444444445 0.06875 0.08981481481481482
7 0.40868055555555555 0.625925925925926 0.06458333333333334 0.07962962962962963
8 0.796875 0.37222222222222223 0.06875 0.08518518518518518
8 0.7899305555555556 0.5148148148148148 0.06736111111111111 0.08703703703703704
