5 0.32222222222222224 0.5856481481481481 0.06944444444444445 0.08981481481481482
5 0.6149305555555555 0.4138888888888889 0.06597222222222222 0.09074074074074075
6 0.39722222222222225 0.5472222222222223 0.07222222222222223 0.09074074074074075
6 0.7295138888888889 0.4226851851851852 0.06180555555555556 0.08611111111111111
7 0.7597222222222223 0.6912037037037038 0.061111111111111116 0.08055555555555556
7 0.7770833333333333 0.7847222222222222 0.06666666666666667 0.08240740740740742
7 0.7690972222222222 0.8814814814814815 0.07152777777777779 0.1
7 0.37395833333333334 0.6490740740740741 0.06041666666666667 0.08333333333333334
8 0.7878472222222223 0.3662037037037037 0.06736111111111111 0.09166666666666667
8 0.7743055555555556 0.5328703703703704 0.061111111111111116 0.08425925925925926
