8 0.4552083333333333 0.39814814814814814 0.06597222222222222 0.08703703703703704
8 0.21423611111111113 0.4449074074074074 0.06319444444444444 0.08240740740740742
7 0.21319444444444446 0.7240740740740741 0.0625 0.08333333333333334
7 0.26145833333333335 0.8111111111111111 0.06458333333333334 0.08518518518518518
7 0.17256944444444444 0.8041666666666667 0.06041666666666667 0.08240740740740742
7 0.1954861111111111 0.8939814814814815 0.06319444444444444 0.08240740740740742
6 0.209375 0.5319444444444444 0.06736111111111111 0.08055555555555556
6 0.3822916666666667 0.4041666666666667 0.06180555555555556 0.08611111111111111
5 0.31527777777777777 0.39305555555555555 0.059722222222222225 0.09166666666666667
5 0.1920138888888889 0.6236111111111111 0.06458333333333334 0.08425925925925926
