8 0.35520833333333335 0.36064814814814816 0.07013888888888889 0.08611111111111111
8 0.5722222222222223 0.5587962962962963 0.06666666666666667 0.08425925925925926
7 0.8034722222222223 0.5356481481481482 0.059722222222222225 0.08425925925925926
7 0.8083333333333333 0.6824074074074075 0.0625 0.08333333333333334
7 0.3246527777777778 0.7074074074074075 0.06180555555555556 0.07962962962962963
7 0.3232638888888889 0.8087962962962963 0.06736111111111111 0.08425925925925926
6 0.32395833333333335 0.4416666666666667 0.06319444444444444 0.08148148148148149
6 0.7447916666666667 0.47453703703703703 0.05902777777777778 0.08611111111111111
5 0.3277777777777778 0.5541666666666667 0.06805555555555556 0.08240740740740742
5 0.7496527777777778 0.6263888888888889 0.06597222222222222 0.08425925925925926
