8 0.28402777777777777 0.3060185185185185 0.06527777777777778 0.08240740740740742
8 0.5045138888888889 0.7453703703703703 0.06875 0.0962962962962963
7 0.765625 0.43703703703703706 0.06597222222222222 0.0925925925925926
7 0.7833333333333333 0.5398148148148149 0.0638888888888889 0.0925925925925926
7 0.33333333333333337 0.6319444444444444 0.061111111111111116 0.08425925925925926
7 0.36006944444444444 0.7217592592592593 0.06736111111111111 0.08981481481481482
6 0.2729166666666667 0.39861111111111114 0.0625 0.08240740740740742
6 0.7336805555555556 0.35324074074074074 0.06736111111111111 0.08981481481481482
5 0.3076388888888889 0.5013888888888889 0.06805555555555556 0.08981481481481482
5 0.7076388888888889 0.5189814814814815 0.058333333333333334 0.0787037037037037
