6 0.33229166666666665 0.6050925925925926 0.07430555555555556 0.08796296296296297
6 0.7034722222222223 0.39490740740740743 0.0638888888888889 0.08425925925925926
8 0.45555555555555555 0.35370370370370374 0.06944444444444445 0.08518518518518518
8 0.6687500000000001 0.5953703703703704 0.0638888888888889 0.08703703703703704
7 0.7413194444444444 0.21342592592592594 0.06875 0.09166666666666667
7 0.7204861111111112 0.4842592592592593 0.06597222222222222 0.09074074074074075
7 0.7486111111111111 0.5833333333333334 0.06666666666666667 0.08703703703703704
7 0.7336805555555556 0.6782407407407408 0.06319444444444444 0.08425925925925926
5 0.4763888888888889 0.7074074074074075 0.06527777777777778 0.09074074074074075
5 0.6222222222222222 0.4962962962962963 0.0638888888888889 0.08148148148148149
