8 0.7475694444444445 0.4337962962962963 0.06458333333333334 0.09351851851851853
8 0.23541666666666666 0.737962962962963 0.06527777777777778 0.08518518518518518
7 0.5815972222222222 0.47453703703703703 0.06319444444444444 0.08611111111111111
7 0.7836805555555556 0.5472222222222223 0.06319444444444444 0.08888888888888889
7 0.7545138888888889 0.7074074074074075 0.07152777777777779 0.08888888888888889
7 0.7045138888888889 0.7837962962962963 0.06458333333333334 0.08425925925925926
5 0.3506944444444445 0.525 0.06944444444444445 0.0962962962962963
5 0.340625 0.7800925925925927 0.06736111111111111 0.09351851851851853
6 0.5590277777777778 0.7958333333333334 0.06527777777777778 0.08611111111111111
6 0.6659722222222223 0.4134259259259259 0.061111111111111116 0.08425925925925926
