6 0.5427083333333333 0.5125000000000001 0.06736111111111111 0.08796296296296297
6 0.7524305555555556 0.4601851851851852 0.06319444444444444 0.08703703703703704
8 0.20798611111111112 0.6652777777777779 0.06597222222222222 0.08240740740740742
8 0.734375 0.6125 0.05902777777777778 0.08425925925925926
7 0.788888888888889 0.5513888888888889 0.06527777777777778 0.08240740740740742
7 0.7798611111111111 0.701388888888889 0.06527777777777778 0.0787037037037037
7 0.7774305555555556 0.7916666666666667 0.06736111111111111 0.08518518518518518
7 0.6982638888888889 0.6976851851851852 0.06180555555555556 0.08240740740740742
5 0.24097222222222223 0.7620370370370371 0.05694444444444444 0.07777777777777778
5 0.33090277777777777 0.8032407407407408 0.07013888888888889 0.08981481481481482
