6 0.3940972222222222 0.5347222222222222 0.06458333333333334 0.08240740740740742
6 0.5913194444444445 0.3819444444444445 0.05902777777777778 0.08055555555555556
5 0.31145833333333334 0.7541666666666667 0.06041666666666667 0.0787037037037037
5 0.46770833333333334 0.6782407407407408 0.06458333333333334 0.0787037037037037
8 0.3298611111111111 0.5712962962962963 0.0638888888888889 0.07962962962962963
8 0.5357638888888889 0.46805555555555556 0.05902777777777778 0.0787037037037037
7 0.6434027777777778 0.49259259259259264 0.07013888888888889 0.08888888888888889
7 0.6527777777777778 0.5907407407407408 0.07083333333333333 0.08888888888888889
7 0.7260416666666667 0.6703703703703704 0.06875 0.08888888888888889
7 0.5506944444444445 0.7944444444444445 0.0625 0.08888888888888889
