7 0.6597222222222222 0.4365740740740741 0.06527777777777778 0.09166666666666667
7 0.6666666666666667 0.5305555555555556 0.0625 0.07962962962962963
7 0.7253472222222223 0.6305555555555555 0.06597222222222222 0.08703703703703704
7 0.521875 0.6875 0.06458333333333334 0.08240740740740742
5 0.2982638888888889 0.6287037037037038 0.06458333333333334 0.08888888888888889
5 0.42256944444444444 0.5986111111111111 0.06875 0.08055555555555556
6 0.409375 0.39351851851851855 0.06736111111111111 0.08703703703703704
6 0.6326388888888889 0.3087962962962963 0.061111111111111116 0.08240740740740742
8 0.5520833333333334 0.35879629629629634 0.06527777777777778 0.08981481481481482
8 0.3402777777777778 0.4134259259259259 0.0625 0.08425925925925926
