8 0.3045138888888889 0.35879629629629634 0.06458333333333334 0.08981481481481482
8 0.3836805555555556 0.33981481481481485 0.06180555555555556 0.08333333333333334
8 0.49618055555555557 0.37083333333333335 0.06180555555555556 0.09166666666666667
8 0.6666666666666667 0.3791666666666667 0.0625 0.08240740740740742
8 0.38506944444444446 0.4425925925925926 0.05902777777777778 0.07592592592592592
8 0.2951388888888889 0.6810185185185186 0.061111111111111116 0.0787037037037037
8 0.3885416666666667 0.7402777777777778 0.06736111111111111 0.08425925925925926
8 0.6673611111111112 0.5856481481481481 0.061111111111111116 0.08425925925925926
8 0.7597222222222223 0.5967592592592593 0.058333333333333334 0.08240740740740742
8 0.623263888888889 0.6648148148148149 0.06180555555555556 0.08148148148148149
8 0.6986111111111112 0.6759259259259259 0.06527777777777778 0.0925925925925926
8 0.7822916666666667 0.6847222222222222 0.06597222222222222 0.08240740740740742
