8 0.2777777777777778 0.3162037037037037 0.06527777777777778 0.08425925925925926
8 0.3635416666666667 0.2972222222222222 0.06180555555555556 0.08148148148148149
8 0.47673611111111114 0.32685185185185184 0.06180555555555556 0.08148148148148149
8 0.6149305555555555 0.3523148148148148 0.06180555555555556 0.08240740740740742
8 0.3513888888888889 0.4 0.061111111111111116 0.07962962962962963
8 0.24965277777777778 0.587037037037037 0.06319444444444444 0.08888888888888889
8 0.3423611111111111 0.6509259259259259 0.0625 0.07962962962962963
8 0.5857638888888889 0.6203703703703703 0.06736111111111111 0.08888888888888889
8 0.6399305555555556 0.5125000000000001 0.06319444444444444 0.08611111111111111
8 0.690625 0.6236111111111111 0.06875 0.08425925925925926
8 0.7559027777777778 0.5023148148148149 0.05763888888888889 0.08611111111111111
8 0.775 0.5986111111111111 0.0625 0.08055555555555556
