8 0.24305555555555555 0.33287037037037037 0.06666666666666667 0.08611111111111111
8 0.32916666666666666 0.4203703703703704 0.06944444444444445 0.0925925925925926
8 0.3510416666666667 0.32222222222222224 0.06597222222222222 0.08703703703703704
8 0.4434027777777778 0.32083333333333336 0.06041666666666667 0.08611111111111111
8 0.209375 0.5935185185185186 0.07430555555555556 0.09074074074074075
8 0.2965277777777778 0.6027777777777777 0.06944444444444445 0.09814814814814815
8 0.5614583333333334 0.6541666666666667 0.07291666666666667 0.09166666666666667
8 0.63125 0.513425925925926 0.06527777777777778 0.08981481481481482
8 0.6833333333333333 0.6694444444444445 0.06666666666666667 0.08888888888888889
8 0.7607638888888889 0.49953703703703706 0.06041666666666667 0.08611111111111111
8 0.7743055555555556 0.5921296296296297 0.06944444444444445 0.08240740740740742
8 0.5868055555555556 0.3703703703703704 0.06805555555555556 0.09444444444444444
