8 0.2267361111111111 0.3564814814814815 0.06458333333333334 0.08333333333333334
8 0.32048611111111114 0.45416666666666666 0.06458333333333334 0.08425925925925926
8 0.3392361111111111 0.3560185185185185 0.06041666666666667 0.08981481481481482
8 0.4274305555555556 0.34074074074074073 0.05902777777777778 0.07592592592592592
8 0.5690972222222223 0.39722222222222225 0.06736111111111111 0.08148148148148149
8 0.6256944444444444 0.5259259259259259 0.06805555555555556 0.08703703703703704
8 0.7611111111111112 0.5263888888888889 0.059722222222222225 0.08055555555555556
8 0.7631944444444445 0.611574074074074 0.06805555555555556 0.08981481481481482
8 0.6694444444444445 0.6990740740740741 0.06944444444444445 0.08888888888888889
8 0.55625 0.7018518518518518 0.07083333333333333 0.08518518518518518
8 0.278125 0.5967592592592593 0.06180555555555556 0.08240740740740742
8 0.20277777777777778 0.6222222222222222 0.06527777777777778 0.08148148148148149
