8 0.22395833333333334 0.35879629629629634 0.06736111111111111 0.08425925925925926
8 0.31736111111111115 0.4518518518518519 0.0638888888888889 0.08333333333333334
8 0.34097222222222223 0.3564814814814815 0.05694444444444444 0.08888888888888889
8 0.42465277777777777 0.3402777777777778 0.06180555555555556 0.08425925925925926
8 0.5760416666666667 0.40092592592592596 0.07013888888888889 0.0925925925925926
8 0.6298611111111111 0.5319444444444444 0.0625 0.08796296296296297
8 0.7552083333333334 0.524537037037037 0.05902777777777778 0.0787037037037037
8 0.759375 0.6134259259259259 0.06736111111111111 0.08611111111111111
8 0.6704861111111111 0.7032407407407407 0.06319444444444444 0.09907407407407408
8 0.5475694444444444 0.7074074074074075 0.06180555555555556 0.08888888888888889
8 0.275 0.6 0.07083333333333333 0.08703703703703704
8 0.20173611111111112 0.6263888888888889 0.07152777777777779 0.09537037037037037
