8 0.4618055555555556 0.8111111111111111 0.061111111111111116 0.07962962962962963
8 0.321875 0.8166666666666667 0.05902777777777778 0.07407407407407407
5 0.3680555555555556 0.7537037037037038 0.061111111111111116 0.08333333333333334
5 0.2625 0.8583333333333334 0.0638888888888889 0.08703703703703704
6 0.5940972222222223 0.7606481481481482 0.06875 0.09166666666666667
6 0.18993055555555557 0.8083333333333333 0.05625 0.07407407407407407
7 0.5229166666666667 0.8861111111111112 0.06527777777777778 0.08703703703703704
7 0.6625 0.8546296296296296 0.06666666666666667 0.09074074074074075
7 0.7295138888888889 0.8657407407407408 0.06597222222222222 0.09074074074074075
7 0.7260416666666667 0.7675925925925926 0.05902777777777778 0.08518518518518518
