7 0.2899305555555556 0.45833333333333337 0.06597222222222222 0.08148148148148149
7 0.5677083333333334 0.34675925925925927 0.06597222222222222 0.08055555555555556
7 0.6628472222222223 0.8527777777777779 0.07152777777777779 0.08703703703703704
7 0.7392361111111111 0.8523148148148149 0.06458333333333334 0.08425925925925926
5 0.17881944444444445 0.38333333333333336 0.06736111111111111 0.08888888888888889
5 0.40625 0.375 0.06944444444444445 0.08888888888888889
6 0.27569444444444446 0.6856481481481482 0.06944444444444445 0.09537037037037037
6 0.5274305555555556 0.8657407407407408 0.06319444444444444 0.08888888888888889
8 0.75 0.34444444444444444 0.06527777777777778 0.0925925925925926
8 0.35520833333333335 0.7578703703703704 0.07291666666666667 0.09351851851851853
