8 0.21493055555555557 0.5736111111111112 0.06736111111111111 0.09166666666666667
8 0.31736111111111115 0.5365740740740741 0.06805555555555556 0.0787037037037037
8 0.3246527777777778 0.4532407407407408 0.06180555555555556 0.07685185185185185
8 0.39548611111111115 0.437962962962963 0.05486111111111111 0.07407407407407407
8 0.5982638888888889 0.3912037037037037 0.06875 0.08425925925925926
8 0.6152777777777778 0.5666666666666667 0.06527777777777778 0.0925925925925926
8 0.6909722222222222 0.5777777777777778 0.06805555555555556 0.08703703703703704
8 0.7645833333333334 0.5699074074074074 0.0638888888888889 0.08240740740740742
8 0.68125 0.6986111111111112 0.0638888888888889 0.08981481481481482
8 0.7579861111111111 0.6902777777777778 0.06180555555555556 0.08240740740740742
8 0.43506944444444445 0.7703703703703704 0.06875 0.08518518518518518
8 0.24791666666666667 0.7861111111111111 0.07083333333333333 0.09444444444444444
