8 0.2170138888888889 0.5777777777777778 0.06736111111111111 0.08703703703703704
8 0.3201388888888889 0.5430555555555556 0.061111111111111116 0.08055555555555556
8 0.3277777777777778 0.4486111111111111 0.0638888888888889 0.08981481481481482
8 0.3982638888888889 0.44351851851851853 0.06180555555555556 0.08333333333333334
8 0.43159722222222224 0.7699074074074075 0.07152777777777779 0.08425925925925926
8 0.23923611111111112 0.7828703703703704 0.06458333333333334 0.08240740740740742
8 0.6013888888888889 0.39814814814814814 0.0625 0.08703703703703704
8 0.615625 0.5657407407407408 0.07986111111111112 0.08888888888888889
8 0.6888888888888889 0.5851851851851853 0.06944444444444445 0.09074074074074075
8 0.763888888888889 0.575925925925926 0.06666666666666667 0.08703703703703704
8 0.6875 0.7018518518518518 0.0638888888888889 0.08518518518518518
8 0.7559027777777778 0.6953703703703704 0.06458333333333334 0.08333333333333334
