5 0.1798611111111111 0.3925925925925926 0.06527777777777778 0.08148148148148149
5 0.40625 0.3805555555555556 0.07361111111111111 0.08333333333333334
7 0.565625 0.3523148148148148 0.07291666666666667 0.08611111111111111
7 0.6645833333333333 0.8476851851851852 0.06666666666666667 0.09166666666666667
7 0.7361111111111112 0.8458333333333333 0.0625 0.08981481481481482
7 0.2857638888888889 0.4518518518518519 0.06458333333333334 0.08518518518518518
8 0.7496527777777778 0.3509259259259259 0.06597222222222222 0.08888888888888889
8 0.3545138888888889 0.7513888888888889 0.06736111111111111 0.08425925925925926
6 0.27222222222222225 0.6842592592592592 0.06944444444444445 0.08703703703703704
6 0.53125 0.8643518518518519 0.07361111111111111 0.09166666666666667
