6 0.2777777777777778 0.6875 0.06527777777777778 0.08611111111111111
6 0.5298611111111111 0.8638888888888889 0.06666666666666667 0.0925925925925926
8 0.353125 0.7587962962962963 0.06597222222222222 0.0787037037037037
8 0.748263888888889 0.3476851851851852 0.06736111111111111 0.08425925925925926
5 0.17708333333333334 0.3837962962962963 0.07361111111111111 0.08981481481481482
5 0.40868055555555555 0.37592592592592594 0.06597222222222222 0.08703703703703704
7 0.2885416666666667 0.45416666666666666 0.06319444444444444 0.08425925925925926
7 0.5645833333333333 0.3523148148148148 0.06805555555555556 0.09351851851851853
7 0.6600694444444445 0.8527777777777779 0.06180555555555556 0.08703703703703704
7 0.7354166666666667 0.8449074074074074 0.061111111111111116 0.08796296296296297
