7 0.284375 0.45833333333333337 0.07152777777777779 0.0925925925925926
7 0.5645833333333333 0.3564814814814815 0.0625 0.09074074074074075
7 0.6621527777777778 0.8486111111111111 0.06180555555555556 0.08981481481481482
7 0.7354166666666667 0.8449074074074074 0.06527777777777778 0.08796296296296297
5 0.18020833333333333 0.39166666666666666 0.07152777777777779 0.08888888888888889
5 0.41111111111111115 0.3805555555555556 0.07361111111111111 0.08333333333333334
6 0.2725694444444445 0.6833333333333333 0.06736111111111111 0.08333333333333334
6 0.5309027777777778 0.8694444444444445 0.07152777777777779 0.09814814814814815
8 0.7496527777777778 0.3523148148148148 0.06597222222222222 0.08611111111111111
8 0.35208333333333336 0.7583333333333334 0.06805555555555556 0.0925925925925926
