5 0.17569444444444446 0.3902777777777778 0.06944444444444445 0.08611111111111111
5 0.41111111111111115 0.3819444444444445 0.06527777777777778 0.09351851851851853
6 0.2760416666666667 0.687962962962963 0.06180555555555556 0.07962962962962963
6 0.5277777777777778 0.8657407407407408 0.06666666666666667 0.08888888888888889
8 0.7475694444444445 0.3523148148148148 0.06597222222222222 0.08611111111111111
8 0.3454861111111111 0.7550925925925926 0.06597222222222222 0.08796296296296297
7 0.5625 0.34814814814814815 0.0638888888888889 0.07962962962962963
7 0.2881944444444445 0.45601851851851855 0.06527777777777778 0.08611111111111111
7 0.6614583333333334 0.8555555555555556 0.06180555555555556 0.0925925925925926
7 0.7402777777777778 0.8495370370370371 0.06805555555555556 0.08425925925925926
