1 0.43506944444444445 0.3893518518518519 0.04097222222222222 0.05092592592592593
1 0.3944444444444445 0.538425925925926 0.04027777777777778 0.05648148148148149
0 0.24583333333333335 0.5212962962962964 0.03888888888888889 0.04814814814814815
0 0.7604166666666667 0.4550925925925926 0.043055555555555555 0.05462962962962963
2 0.3944444444444445 0.6444444444444445 0.04166666666666667 0.05185185185185186
2 0.6239583333333334 0.38796296296296295 0.04652777777777778 0.05740740740740741
3 0.25104166666666666 0.6615740740740741 0.03680555555555556 0.058333333333333334
3 0.3496527777777778 0.4175925925925926 0.04097222222222222 0.053703703703703705
4 0.33055555555555555 0.725462962962963 0.04027777777777778 0.05462962962962963
4 0.34131944444444445 0.5884259259259259 0.04513888888888889 0.05462962962962963
5 0.804513888888889 0.6569444444444444 0.07013888888888889 0.08796296296296297
5 0.29270833333333335 0.4314814814814815 0.06736111111111111 0.08888888888888889
6 0.30486111111111114 0.6583333333333333 0.061111111111111116 0.07962962962962963
6 0.6211805555555556 0.7537037037037038 0.06597222222222222 0.08518518518518518
7 0.5625 0.6601851851851852 0.0638888888888889 0.08148148148148149
7 0.7736111111111111 0.7375 0.061111111111111116 0.08425925925925926
8 0.3451388888888889 0.500925925925926 0.058333333333333334 0.08333333333333334
8 0.6986111111111112 0.7416666666666667 0.06527777777777778 0.08703703703703704
