5 0.3805555555555556 0.3888888888888889 0.0638888888888889 0.08518518518518518
5 0.76875 0.6944444444444444 0.06666666666666667 0.08518518518518518
1 0.3545138888888889 0.3180555555555556 0.03958333333333333 0.05092592592592593
1 0.48159722222222223 0.2902777777777778 0.04513888888888889 0.05462962962962963
0 0.4996527777777778 0.524537037037037 0.03958333333333333 0.049074074074074076
0 0.45590277777777777 0.5740740740740741 0.04513888888888889 0.05555555555555556
2 0.7940972222222222 0.2847222222222222 0.04513888888888889 0.05462962962962963
2 0.46805555555555556 0.7467592592592592 0.036111111111111115 0.049074074074074076
3 0.40729166666666666 0.7527777777777778 0.03958333333333333 0.04814814814814815
3 0.5184027777777778 0.35324074074074074 0.04513888888888889 0.05277777777777778
4 0.5361111111111111 0.6712962962962963 0.043055555555555555 0.05925925925925926
4 0.4708333333333333 0.6675925925925926 0.043055555555555555 0.05925925925925926
6 0.2465277777777778 0.8300925925925926 0.06527777777777778 0.08425925925925926
6 0.5097222222222222 0.8032407407407408 0.058333333333333334 0.0787037037037037
7 0.7152777777777778 0.7574074074074074 0.06944444444444445 0.09814814814814815
7 0.6326388888888889 0.7055555555555556 0.06944444444444445 0.08148148148148149
8 0.6045138888888889 0.7972222222222223 0.05763888888888889 0.08333333333333334
8 0.42118055555555556 0.47731481481481486 0.06736111111111111 0.08796296296296297
