0 0.5229166666666667 0.4013888888888889 0.0375 0.05462962962962963
0 0.5913194444444445 0.36388888888888893 0.04236111111111111 0.05185185185185186
1 0.36319444444444443 0.32962962962962966 0.04027777777777778 0.05740740740740741
1 0.5281250000000001 0.3087962962962963 0.04236111111111111 0.05462962962962963
2 0.8027777777777778 0.2986111111111111 0.0375 0.05092592592592593
2 0.4708333333333333 0.700925925925926 0.03888888888888889 0.05555555555555556
3 0.42812500000000003 0.6828703703703703 0.03819444444444445 0.05277777777777778
3 0.6631944444444444 0.3180555555555556 0.03888888888888889 0.05648148148148149
4 0.5072916666666667 0.562962962962963 0.03958333333333333 0.05740740740740741
4 0.6288194444444445 0.5467592592592593 0.04513888888888889 0.05648148148148149
5 0.4222222222222222 0.3078703703703704 0.061111111111111116 0.0787037037037037
5 0.7989583333333333 0.6236111111111111 0.06597222222222222 0.08425925925925926
6 0.5340277777777778 0.7976851851851852 0.0625 0.08981481481481482
6 0.24791666666666667 0.8194444444444445 0.06666666666666667 0.09074074074074075
7 0.7538194444444445 0.725462962962963 0.05763888888888889 0.08796296296296297
7 0.625 0.7083333333333334 0.06666666666666667 0.09814814814814815
8 0.6340277777777779 0.8152777777777778 0.06666666666666667 0.08611111111111111
8 0.4652777777777778 0.3675925925925926 0.05694444444444444 0.08518518518518518
