0 0.5472222222222223 0.36944444444444446 0.04027777777777778 0.05185185185185186
0 0.6177083333333333 0.3388888888888889 0.03819444444444445 0.05555555555555556
1 0.5083333333333333 0.32453703703703707 0.04166666666666667 0.049074074074074076
1 0.3527777777777778 0.3564814814814815 0.03888888888888889 0.05740740740740741
2 0.7819444444444444 0.30185185185185187 0.036111111111111115 0.05740740740740741
2 0.4545138888888889 0.7305555555555556 0.03819444444444445 0.05
3 0.4135416666666667 0.7018518518518518 0.03819444444444445 0.05185185185185186
3 0.7517361111111112 0.3574074074074074 0.04513888888888889 0.05925925925925926
4 0.5118055555555556 0.5462962962962963 0.043055555555555555 0.05740740740740741
4 0.6861111111111111 0.45787037037037037 0.0375 0.049074074074074076
5 0.40555555555555556 0.3263888888888889 0.0625 0.08425925925925926
5 0.7815972222222223 0.6444444444444445 0.05486111111111111 0.07962962962962963
6 0.521875 0.8245370370370371 0.05902777777777778 0.08425925925925926
6 0.24027777777777778 0.8384259259259259 0.07083333333333333 0.08425925925925926
7 0.7388888888888889 0.7310185185185185 0.06527777777777778 0.09351851851851853
7 0.6114583333333333 0.7138888888888889 0.05902777777777778 0.08148148148148149
8 0.6114583333333333 0.8180555555555555 0.06319444444444444 0.08611111111111111
8 0.4517361111111111 0.3842592592592593 0.06180555555555556 0.07592592592592592
