0 0.5256944444444445 0.3791666666666667 0.03888888888888889 0.05462962962962963
0 0.6048611111111112 0.33194444444444443 0.04027777777777778 0.05092592592592593
1 0.484375 0.35324074074074074 0.04513888888888889 0.0638888888888889
1 0.33125 0.3736111111111111 0.04027777777777778 0.06018518518518519
2 0.8090277777777778 0.2791666666666667 0.0375 0.049074074074074076
2 0.4461805555555556 0.7481481481481482 0.03958333333333333 0.05185185185185186
3 0.3993055555555556 0.737037037037037 0.04166666666666667 0.05740740740740741
3 0.7375 0.35324074074074074 0.0375 0.062037037037037036
4 0.5083333333333333 0.5453703703703704 0.0375 0.05555555555555556
4 0.6732638888888889 0.46574074074074073 0.03958333333333333 0.05185185185185186
5 0.7805555555555556 0.6513888888888889 0.06527777777777778 0.08611111111111111
5 0.38159722222222225 0.35000000000000003 0.05763888888888889 0.08703703703703704
6 0.265625 0.8018518518518519 0.06041666666666667 0.08148148148148149
6 0.5065972222222223 0.7981481481481482 0.06180555555555556 0.08148148148148149
7 0.6211805555555556 0.7074074074074075 0.06458333333333334 0.08888888888888889
7 0.7364583333333333 0.7356481481481482 0.06736111111111111 0.08981481481481482
8 0.43506944444444445 0.4064814814814815 0.06180555555555556 0.08148148148148149
8 0.6135416666666667 0.8018518518518519 0.06736111111111111 0.08703703703703704
