0 0.5256944444444445 0.36574074074074076 0.03888888888888889 0.05
0 0.607638888888889 0.32222222222222224 0.03888888888888889 0.05925925925925926
1 0.4743055555555556 0.3462962962962963 0.034722222222222224 0.044444444444444446
1 0.3295138888888889 0.3712962962962963 0.04236111111111111 0.05
2 0.834375 0.24675925925925926 0.03958333333333333 0.04351851851851852
2 0.4451388888888889 0.75 0.0375 0.053703703703703705
3 0.3909722222222222 0.7490740740740741 0.043055555555555555 0.05740740740740741
3 0.7413194444444444 0.3439814814814815 0.04791666666666667 0.0638888888888889
4 0.5111111111111112 0.5157407407407407 0.043055555555555555 0.05925925925925926
4 0.6753472222222222 0.46111111111111114 0.04236111111111111 0.053703703703703705
5 0.790625 0.6347222222222223 0.05763888888888889 0.0787037037037037
5 0.3809027777777778 0.34444444444444444 0.05625 0.08148148148148149
6 0.5128472222222222 0.7222222222222222 0.06458333333333334 0.08703703703703704
6 0.2947916666666667 0.7171296296296297 0.06736111111111111 0.09166666666666667
7 0.7517361111111112 0.7273148148148149 0.06180555555555556 0.0787037037037037
7 0.6361111111111112 0.6615740740740741 0.0625 0.08425925925925926
8 0.6166666666666667 0.7523148148148149 0.06944444444444445 0.08796296296296297
8 0.43472222222222223 0.4041666666666667 0.061111111111111116 0.08055555555555556
