0 0.4666666666666667 0.3907407407407408 0.04722222222222222 0.06481481481481481
0 0.5628472222222223 0.34351851851851856 0.04236111111111111 0.05925925925925926
1 0.40034722222222224 0.38981481481481484 0.04513888888888889 0.05925925925925926
1 0.2388888888888889 0.48564814814814816 0.04166666666666667 0.058333333333333334
2 0.7486111111111111 0.3337962962962963 0.043055555555555555 0.06018518518518519
2 0.3857638888888889 0.8736111111111111 0.03680555555555556 0.058333333333333334
3 0.685763888888889 0.38472222222222224 0.03680555555555556 0.049074074074074076
3 0.3416666666666667 0.8634259259259259 0.043055555555555555 0.06759259259259259
4 0.46145833333333336 0.5037037037037038 0.04513888888888889 0.05740740740740741
4 0.6420138888888889 0.5222222222222223 0.050694444444444445 0.06296296296296297
5 0.31631944444444443 0.4328703703703704 0.05763888888888889 0.0787037037037037
5 0.7513888888888889 0.7078703703703704 0.06527777777777778 0.08981481481481482
6 0.4684027777777778 0.7032407407407407 0.06319444444444444 0.08240740740740742
6 0.2888888888888889 0.5962962962962963 0.06805555555555556 0.09074074074074075
7 0.6697916666666667 0.7050925925925926 0.06458333333333334 0.08981481481481482
7 0.6826388888888889 0.8162037037037038 0.06527777777777778 0.08425925925925926
8 0.37743055555555555 0.4777777777777778 0.06319444444444444 0.08148148148148149
8 0.5739583333333333 0.8189814814814815 0.06458333333333334 0.08981481481481482
