0 0.44930555555555557 0.25787037037037036 0.04027777777777778 0.05277777777777778
0 0.5868055555555556 0.23796296296296296 0.03888888888888889 0.05555555555555556
1 0.37395833333333334 0.3194444444444445 0.03680555555555556 0.053703703703703705
1 0.2725694444444445 0.500462962962963 0.04236111111111111 0.05277777777777778
1 0.33819444444444446 0.5606481481481481 0.043055555555555555 0.05648148148148149
3 0.38472222222222224 0.5018518518518519 0.043055555555555555 0.053703703703703705
3 0.7041666666666667 0.300462962962963 0.043055555555555555 0.058333333333333334
4 0.4461805555555556 0.32175925925925924 0.043750000000000004 0.05462962962962963
4 0.6986111111111112 0.41481481481481486 0.04166666666666667 0.05925925925925926
5 0.8149305555555556 0.6393518518518518 0.06597222222222222 0.08981481481481482
5 0.3267361111111111 0.3509259259259259 0.06458333333333334 0.08888888888888889
6 0.31666666666666665 0.4393518518518519 0.061111111111111116 0.06944444444444445
6 0.45243055555555556 0.6694444444444445 0.05625 0.07962962962962963
7 0.7371527777777778 0.549537037037037 0.06458333333333334 0.0787037037037037
7 0.7479166666666667 0.6444444444444445 0.06527777777777778 0.08518518518518518
8 0.37986111111111115 0.40370370370370373 0.0625 0.07592592592592592
8 0.5576388888888889 0.6032407407407407 0.06527777777777778 0.08425925925925926
