0 0.3229166666666667 0.7157407407407408 0.0375 0.05185185185185186
0 0.6520833333333333 0.29953703703703705 0.043055555555555555 0.062037037037037036
1 0.24444444444444446 0.42685185185185187 0.03888888888888889 0.05185185185185186
1 0.5496527777777778 0.7935185185185185 0.04097222222222222 0.053703703703703705
2 0.7416666666666667 0.6833333333333333 0.04027777777777778 0.05185185185185186
2 0.607638888888889 0.7851851851851852 0.043055555555555555 0.05925925925925926
3 0.5440972222222222 0.3300925925925926 0.03958333333333333 0.06018518518518519
3 0.6659722222222223 0.7810185185185186 0.04583333333333334 0.0638888888888889
4 0.50625 0.7865740740740741 0.0375 0.05277777777777778
4 0.3197916666666667 0.3699074074074074 0.04236111111111111 0.05648148148148149
