0 0.7520833333333333 0.21805555555555556 0.03888888888888889 0.049074074074074076
0 0.43194444444444446 0.7541666666666667 0.04583333333333334 0.062037037037037036
1 0.5434027777777778 0.7287037037037037 0.03680555555555556 0.05185185185185186
1 0.3961805555555556 0.47361111111111115 0.04097222222222222 0.05277777777777778
2 0.592013888888889 0.7148148148148148 0.04097222222222222 0.05925925925925926
2 0.7895833333333334 0.6416666666666667 0.043055555555555555 0.05925925925925926
3 0.7704861111111111 0.7199074074074074 0.04513888888888889 0.05462962962962963
3 0.4899305555555556 0.7143518518518519 0.04513888888888889 0.058333333333333334
4 0.6493055555555556 0.662962962962963 0.044444444444444446 0.053703703703703705
4 0.4288194444444445 0.6759259259259259 0.04513888888888889 0.05555555555555556
