0 0.753125 0.21574074074074076 0.04513888888888889 0.05925925925925926
0 0.5267361111111112 0.7671296296296296 0.04513888888888889 0.062037037037037036
1 0.3510416666666667 0.512962962962963 0.04097222222222222 0.053703703703703705
1 0.6319444444444444 0.7375 0.03888888888888889 0.05277777777777778
2 0.6690972222222222 0.6833333333333333 0.03819444444444445 0.05185185185185186
2 0.6854166666666667 0.7388888888888889 0.043055555555555555 0.053703703703703705
3 0.5788194444444444 0.7578703703703704 0.043750000000000004 0.06018518518518519
3 0.7503472222222223 0.7842592592592593 0.04236111111111111 0.05740740740740741
4 0.503125 0.7138888888888889 0.04236111111111111 0.05925925925925926
4 0.59375 0.6990740740740741 0.043055555555555555 0.05740740740740741
