0 0.43020833333333336 0.7796296296296297 0.04236111111111111 0.05925925925925926
0 0.7572916666666667 0.21944444444444444 0.04097222222222222 0.05740740740740741
1 0.2059027777777778 0.5287037037037037 0.04097222222222222 0.05925925925925926
1 0.5461805555555556 0.737037037037037 0.043750000000000004 0.05740740740740741
2 0.6152777777777778 0.6856481481481482 0.043055555555555555 0.05092592592592593
2 0.6385416666666667 0.7393518518518519 0.04652777777777778 0.05462962962962963
3 0.7465277777777778 0.7921296296296296 0.04722222222222222 0.062037037037037036
3 0.4857638888888889 0.7796296296296297 0.04513888888888889 0.05555555555555556
4 0.4954861111111111 0.7208333333333333 0.04236111111111111 0.05277777777777778
4 0.3822916666666667 0.7476851851851852 0.04097222222222222 0.05462962962962963
