0 0.3472222222222222 0.6222222222222222 0.0375 0.053703703703703705
0 0.7420138888888889 0.5972222222222222 0.04097222222222222 0.05555555555555556
1 0.4288194444444445 0.4078703703703704 0.04097222222222222 0.05277777777777778
1 0.26006944444444446 0.5407407407407407 0.04236111111111111 0.05185185185185186
2 0.71875 0.18564814814814815 0.04027777777777778 0.05462962962962963
2 0.24479166666666669 0.600925925925926 0.04513888888888889 0.05740740740740741
3 0.36006944444444444 0.45555555555555555 0.04097222222222222 0.05925925925925926
3 0.6961805555555556 0.3125 0.04097222222222222 0.05092592592592593
4 0.790625 0.2990740740740741 0.04097222222222222 0.05185185185185186
4 0.4083333333333333 0.4587962962962963 0.04027777777777778 0.049074074074074076
5 0.7524305555555556 0.4861111111111111 0.05902777777777778 0.08148148148148149
5 0.33645833333333336 0.35370370370370374 0.06319444444444444 0.07407407407407407
6 0.2965277777777778 0.44212962962962965 0.061111111111111116 0.08240740740740742
6 0.3652777777777778 0.5513888888888889 0.06944444444444445 0.08796296296296297
7 0.7996527777777778 0.5708333333333333 0.06319444444444444 0.08981481481481482
7 0.7427083333333334 0.375 0.05902777777777778 0.07962962962962963
8 0.4048611111111111 0.32546296296296295 0.061111111111111116 0.08240740740740742
8 0.6229166666666667 0.26203703703703707 0.06527777777777778 0.08703703703703704
