0 0.34618055555555555 0.6245370370370371 0.043750000000000004 0.058333333333333334
0 0.7434027777777779 0.5916666666666667 0.03680555555555556 0.04814814814814815
1 0.2576388888888889 0.538425925925926 0.04027777777777778 0.05092592592592593
1 0.42534722222222227 0.3990740740740741 0.04097222222222222 0.05740740740740741
2 0.24409722222222224 0.5935185185185186 0.04652777777777778 0.05185185185185186
2 0.7142361111111112 0.17824074074074076 0.03680555555555556 0.049074074074074076
3 0.35868055555555556 0.45833333333333337 0.043750000000000004 0.05925925925925926
3 0.6972222222222223 0.3138888888888889 0.03888888888888889 0.05555555555555556
4 0.40729166666666666 0.45555555555555555 0.043750000000000004 0.05925925925925926
4 0.7913194444444445 0.29074074074074074 0.04652777777777778 0.05740740740740741
5 0.33194444444444443 0.3574074074074074 0.06666666666666667 0.08148148148148149
5 0.7489583333333334 0.47731481481481486 0.05902777777777778 0.08240740740740742
6 0.3 0.44074074074074077 0.06527777777777778 0.08518518518518518
6 0.36458333333333337 0.5472222222222223 0.0638888888888889 0.08888888888888889
7 0.7986111111111112 0.5638888888888889 0.06527777777777778 0.08703703703703704
7 0.7454861111111112 0.3712962962962963 0.06458333333333334 0.08333333333333334
8 0.40347222222222223 0.325 0.06666666666666667 0.08333333333333334
8 0.6190972222222223 0.26203703703703707 0.06875 0.08703703703703704
