0 0.346875 0.6222222222222222 0.04097222222222222 0.053703703703703705
0 0.7413194444444444 0.5967592592592593 0.04097222222222222 0.05462962962962963
1 0.259375 0.5375 0.043750000000000004 0.05462962962962963
1 0.42291666666666666 0.40046296296296297 0.04166666666666667 0.05462962962962963
2 0.2420138888888889 0.5916666666666667 0.03819444444444445 0.05
2 0.7125 0.1800925925925926 0.04027777777777778 0.049074074074074076
3 0.696875 0.30972222222222223 0.04097222222222222 0.05648148148148149
3 0.35694444444444445 0.45231481481481484 0.03888888888888889 0.049074074074074076
4 0.4059027777777778 0.4550925925925926 0.03680555555555556 0.05462962962962963
4 0.7892361111111111 0.2939814814814815 0.04236111111111111 0.05648148148148149
5 0.7517361111111112 0.47870370370370374 0.06875 0.08333333333333334
5 0.33263888888888893 0.35462962962962963 0.06944444444444445 0.08148148148148149
6 0.3003472222222222 0.43472222222222223 0.06597222222222222 0.0787037037037037
6 0.36388888888888893 0.5444444444444445 0.06944444444444445 0.08333333333333334
7 0.7444444444444445 0.36712962962962964 0.058333333333333334 0.08425925925925926
7 0.803125 0.5578703703703703 0.06736111111111111 0.08981481481481482
8 0.40069444444444446 0.3180555555555556 0.06527777777777778 0.0787037037037037
8 0.6194444444444445 0.2601851851851852 0.07361111111111111 0.0925925925925926
