0 0.35625 0.6324074074074074 0.043055555555555555 0.05925925925925926
0 0.748263888888889 0.5935185185185186 0.03402777777777778 0.0462962962962963
1 0.42812500000000003 0.40555555555555556 0.04652777777777778 0.05740740740740741
1 0.2607638888888889 0.5462962962962963 0.04236111111111111 0.05740740740740741
2 0.25520833333333337 0.6087962962962963 0.04513888888888889 0.05462962962962963
2 0.7184027777777778 0.18287037037037038 0.043750000000000004 0.05462962962962963
3 0.36875 0.45925925925925926 0.043055555555555555 0.05740740740740741
3 0.7027777777777778 0.31157407407407406 0.044444444444444446 0.05462962962962963
4 0.7913194444444445 0.28611111111111115 0.04236111111111111 0.05185185185185186
4 0.41111111111111115 0.46064814814814814 0.043055555555555555 0.06018518518518519
5 0.7569444444444444 0.47314814814814815 0.07083333333333333 0.08333333333333334
5 0.3371527777777778 0.3564814814814815 0.06180555555555556 0.08333333333333334
6 0.3701388888888889 0.55 0.06527777777777778 0.08518518518518518
6 0.3055555555555556 0.44351851851851853 0.06805555555555556 0.08888888888888889
7 0.8086805555555556 0.5592592592592592 0.06180555555555556 0.08703703703703704
7 0.7493055555555556 0.3726851851851852 0.061111111111111116 0.08425925925925926
8 0.6225694444444445 0.26435185185185184 0.07152777777777779 0.08981481481481482
8 0.40868055555555555 0.32592592592592595 0.07013888888888889 0.08888888888888889
