0 0.7416666666666667 0.7212962962962963 0.0375 0.05185185185185186
0 0.49722222222222223 0.7606481481481482 0.043055555555555555 0.05462962962962963
1 0.34097222222222223 0.6574074074074074 0.04166666666666667 0.05
1 0.5076388888888889 0.44212962962962965 0.043055555555555555 0.05462962962962963
2 0.34756944444444443 0.7412037037037037 0.04097222222222222 0.049074074074074076
2 0.7506944444444444 0.30972222222222223 0.03888888888888889 0.05092592592592593
3 0.45 0.5337962962962963 0.04722222222222222 0.05648148148148149
3 0.7829861111111112 0.36944444444444446 0.04097222222222222 0.05185185185185186
4 0.49409722222222224 0.525462962962963 0.04097222222222222 0.05092592592592593
4 0.7743055555555556 0.4949074074074074 0.036111111111111115 0.04537037037037037
5 0.7875 0.6175925925925926 0.0638888888888889 0.07962962962962963
5 0.3822916666666667 0.45740740740740743 0.06180555555555556 0.07962962962962963
6 0.3434027777777778 0.5342592592592593 0.07013888888888889 0.08148148148148149
6 0.39895833333333336 0.6694444444444445 0.06875 0.08518518518518518
7 0.7253472222222223 0.4962962962962963 0.06180555555555556 0.08148148148148149
7 0.7972222222222223 0.7185185185185186 0.0638888888888889 0.09074074074074075
8 0.4375 0.40555555555555556 0.06527777777777778 0.08518518518518518
8 0.7295138888888889 0.38101851851851853 0.06180555555555556 0.0787037037037037
