0 0.7493055555555556 0.3027777777777778 0.044444444444444446 0.05740740740740741
0 0.5395833333333333 0.7777777777777778 0.044444444444444446 0.05740740740740741
1 0.1857638888888889 0.4439814814814815 0.04236111111111111 0.05648148148148149
1 0.16805555555555557 0.649537037037037 0.043055555555555555 0.05462962962962963
2 0.5215277777777778 0.6018518518518519 0.03333333333333333 0.044444444444444446
2 0.6107638888888889 0.5638888888888889 0.04791666666666667 0.053703703703703705
3 0.48506944444444444 0.6981481481481482 0.04652777777777778 0.05740740740740741
3 0.5385416666666667 0.6870370370370371 0.04652777777777778 0.05925925925925926
4 0.18958333333333335 0.7907407407407407 0.043055555555555555 0.061111111111111116
4 0.47708333333333336 0.7763888888888889 0.044444444444444446 0.05648148148148149
