0 0.5538194444444444 0.8032407407407408 0.04513888888888889 0.05462962962962963
0 0.7690972222222222 0.3282407407407408 0.04930555555555556 0.05648148148148149
1 0.3597222222222222 0.42962962962962964 0.044444444444444446 0.061111111111111116
1 0.26319444444444445 0.6180555555555556 0.04027777777777778 0.058333333333333334
2 0.5427083333333333 0.6060185185185185 0.04097222222222222 0.05648148148148149
2 0.6451388888888889 0.5638888888888889 0.03888888888888889 0.053703703703703705
3 0.48750000000000004 0.7300925925925926 0.04583333333333334 0.05648148148148149
3 0.5496527777777778 0.7152777777777778 0.04791666666666667 0.05462962962962963
4 0.22430555555555556 0.8009259259259259 0.044444444444444446 0.05925925925925926
4 0.4621527777777778 0.799537037037037 0.04236111111111111 0.05648148148148149
