0 0.763888888888889 0.2972222222222222 0.04583333333333334 0.053703703703703705
0 0.6243055555555556 0.8189814814814815 0.04722222222222222 0.058333333333333334
1 0.3854166666666667 0.612037037037037 0.04027777777777778 0.061111111111111116
1 0.7284722222222223 0.3365740740740741 0.03888888888888889 0.05648148148148149
2 0.7256944444444444 0.638425925925926 0.04027777777777778 0.05462962962962963
2 0.7652777777777778 0.6125 0.03888888888888889 0.04722222222222222
3 0.5680555555555555 0.8291666666666667 0.044444444444444446 0.06574074074074074
3 0.7503472222222223 0.8087962962962963 0.04930555555555556 0.06574074074074074
4 0.240625 0.8361111111111111 0.04236111111111111 0.05185185185185186
4 0.48750000000000004 0.8203703703703704 0.04583333333333334 0.05185185185185186
