0 0.7625000000000001 0.3041666666666667 0.04722222222222222 0.058333333333333334
0 0.5246527777777777 0.8356481481481481 0.04652777777777778 0.06944444444444445
1 0.6625 0.30972222222222223 0.04166666666666667 0.06944444444444445
1 0.27881944444444445 0.5995370370370371 0.04513888888888889 0.06018518518518519
2 0.6368055555555556 0.6662037037037037 0.04166666666666667 0.06018518518518519
2 0.6763888888888889 0.6222222222222222 0.04166666666666667 0.05555555555555556
3 0.6920138888888889 0.8217592592592593 0.04513888888888889 0.06018518518518519
3 0.4725694444444445 0.8472222222222222 0.04652777777777778 0.05555555555555556
4 0.4371527777777778 0.8032407407407408 0.04513888888888889 0.05092592592592593
4 0.184375 0.8388888888888889 0.043750000000000004 0.053703703703703705
