0 0.254167 0.768056 0.037500 0.058333
0 0.213542 0.762963 0.040972 0.057407
1 0.302778 0.627315 0.044444 0.058333
1 0.252778 0.380556 0.043056 0.061111
2 0.239931 0.307870 0.045139 0.060185
2 0.226042 0.832407 0.042361 0.059259
3 0.254514 0.467593 0.042361 0.053704
3 0.319792 0.365278 0.042361 0.052778
4 0.340625 0.551389 0.038194 0.062037
4 0.519792 0.628241 0.042361 0.056481
5 0.201389 0.444907 0.066667 0.080556
6 0.205903 0.571759 0.067361 0.080556
6 0.213889 0.691667 0.066667 0.077778
7 0.530903 0.523148 0.067361 0.087037
7 0.301389 0.813426 0.062500 0.093519
8 0.196528 0.350000 0.066667 0.085185
8 0.293056 0.300463 0.072222 0.082407
5 0.366667 0.774537 0.069444 0.080556
