1 0.256597 0.381944 0.045139 0.054630
1 0.304861 0.627315 0.045833 0.062037
0 0.217014 0.763426 0.039583 0.054630
0 0.258681 0.767130 0.046528 0.058333
2 0.243403 0.306944 0.040972 0.056481
2 0.229861 0.828241 0.045833 0.063889
3 0.323958 0.363426 0.043750 0.052778
3 0.258681 0.466667 0.040972 0.059259
4 0.345486 0.552315 0.040972 0.056481
4 0.523958 0.628241 0.043750 0.056481
5 0.205556 0.450000 0.065278 0.085185
5 0.365278 0.772685 0.066667 0.084259
6 0.209722 0.573148 0.070833 0.090741
6 0.216667 0.690741 0.069444 0.090741
7 0.536806 0.527778 0.069444 0.083333
7 0.304861 0.812963 0.056944 0.094444
8 0.200000 0.354167 0.062500 0.082407
8 0.295833 0.300926 0.063889 0.087037
