0 0.207292 0.767130 0.045139 0.050926
0 0.251736 0.771759 0.040972 0.056481
1 0.297569 0.630093 0.045139 0.063889
1 0.255903 0.376852 0.038194 0.057407
2 0.242014 0.302315 0.040972 0.058333
2 0.217014 0.831019 0.047917 0.054630
3 0.255903 0.465741 0.043750 0.061111
3 0.322569 0.361574 0.043750 0.056481
4 0.339583 0.551389 0.041667 0.058333
4 0.520486 0.635648 0.045139 0.060185
5 0.203472 0.438889 0.066667 0.087037
5 0.359722 0.778704 0.075000 0.096296
6 0.209028 0.693519 0.066667 0.088889
6 0.206250 0.567593 0.066667 0.079630
7 0.539583 0.528704 0.075000 0.100000
7 0.298611 0.818056 0.069444 0.084259
8 0.194444 0.339815 0.065278 0.085185
8 0.299306 0.293519 0.065278 0.087037
