0 0.207292 0.759722 0.045139 0.058333
0 0.249653 0.764352 0.042361 0.060185
1 0.298611 0.623611 0.047222 0.062037
1 0.253819 0.368056 0.042361 0.058333
2 0.246875 0.297685 0.042361 0.060185
2 0.214236 0.821759 0.039583 0.058333
3 0.328125 0.356944 0.043750 0.062037
3 0.257986 0.459722 0.045139 0.056481
4 0.339931 0.546759 0.038194 0.052778
4 0.519097 0.630093 0.050694 0.063889
5 0.206944 0.433333 0.065278 0.090741
5 0.363889 0.775000 0.069444 0.100000
6 0.204861 0.561111 0.072222 0.088889
6 0.209028 0.685185 0.069444 0.090741
7 0.540278 0.527778 0.068056 0.090741
7 0.301389 0.810185 0.066667 0.092593
8 0.196528 0.335185 0.066667 0.090741
8 0.300694 0.293519 0.068056 0.090741
