0 0.208681 0.750000 0.045139 0.059259
0 0.251042 0.764352 0.045139 0.060185
1 0.297569 0.608333 0.045139 0.055556
1 0.260764 0.362500 0.042361 0.058333
2 0.256597 0.290278 0.045139 0.060185
2 0.214236 0.815278 0.050694 0.060185
3 0.275347 0.448611 0.045139 0.052778
3 0.333681 0.349537 0.040972 0.058333
4 0.344097 0.534722 0.046528 0.058333
4 0.521875 0.630093 0.045139 0.056481
5 0.221528 0.426852 0.065278 0.088889
5 0.365278 0.768981 0.066667 0.097222
6 0.209722 0.553704 0.070833 0.085185
6 0.210417 0.675000 0.069444 0.090741
7 0.543750 0.523148 0.066667 0.092593
7 0.302083 0.800926 0.068056 0.085185
8 0.204861 0.321296 0.066667 0.092593
8 0.311111 0.285185 0.069444 0.085185
