0 0.352431 0.442130 0.040972 0.054630
0 0.368403 0.603241 0.042361 0.052778
1 0.389236 0.527315 0.043750 0.058333
1 0.451736 0.468519 0.040972 0.059259
2 0.404167 0.457870 0.040278 0.060185
2 0.251042 0.692130 0.042361 0.056481
3 0.791667 0.382407 0.041667 0.061111
3 0.787500 0.264352 0.044444 0.058333
4 0.495486 0.579167 0.046528 0.063889
4 0.706597 0.643981 0.043750 0.058333
5 0.431250 0.341667 0.065278 0.085185
5 0.421528 0.585648 0.063889 0.084259
6 0.320486 0.643519 0.061806 0.083333
6 0.362500 0.330556 0.063889 0.088889
7 0.375694 0.787037 0.070833 0.090741
7 0.729167 0.297222 0.061111 0.087037
8 0.553472 0.486111 0.072222 0.094444
8 0.242361 0.310185 0.068056 0.088889
