0 0.326389 0.445833 0.037500 0.052778
0 0.346875 0.631019 0.042361 0.056481
8 0.543056 0.494444 0.065278 0.087037
8 0.220833 0.343519 0.066667 0.081481
1 0.365625 0.519907 0.042361 0.054630
1 0.418403 0.427315 0.039583 0.054630
2 0.375347 0.445833 0.040972 0.054630
2 0.230556 0.722685 0.041667 0.056481
3 0.788194 0.396759 0.043056 0.062037
3 0.794792 0.326852 0.043750 0.055556
4 0.450347 0.505093 0.043750 0.056481
4 0.717361 0.675463 0.043056 0.056481
5 0.401389 0.600000 0.070833 0.090741
5 0.422222 0.352315 0.068056 0.082407
6 0.305556 0.673611 0.063889 0.086111
6 0.347222 0.359259 0.068056 0.092593
7 0.352083 0.822222 0.072222 0.096296
7 0.738194 0.304630 0.066667 0.090741
