0 0.262153 0.550926 0.040972 0.057407
0 0.349653 0.643981 0.042361 0.052778
8 0.588194 0.219444 0.065278 0.092593
8 0.250694 0.325926 0.069444 0.075926
1 0.319097 0.566667 0.042361 0.059259
1 0.399653 0.366204 0.039583 0.050926
2 0.266667 0.630093 0.043056 0.056481
2 0.373611 0.464352 0.041667 0.054630
3 0.794792 0.578241 0.040972 0.062037
3 0.818403 0.336111 0.043750 0.059259
4 0.780903 0.650926 0.047917 0.061111
4 0.421875 0.317130 0.043750 0.047222
5 0.458681 0.250000 0.070139 0.087037
5 0.388542 0.593519 0.067361 0.085185
6 0.317361 0.710185 0.065278 0.081481
6 0.376389 0.275926 0.066667 0.088889
7 0.393056 0.715741 0.070833 0.088889
7 0.824306 0.424074 0.066667 0.087037
