0 0.273264 0.553241 0.040972 0.058333
0 0.355903 0.643056 0.040972 0.056481
7 0.809028 0.414815 0.066667 0.094444
7 0.402083 0.724537 0.066667 0.086111
1 0.408333 0.354167 0.040278 0.056481
1 0.323264 0.574537 0.047917 0.058333
2 0.387847 0.446759 0.040972 0.052778
2 0.273958 0.647685 0.042361 0.058333
3 0.802431 0.324074 0.045139 0.064815
3 0.808681 0.574537 0.043750 0.058333
4 0.798958 0.659722 0.046528 0.054630
4 0.439236 0.306944 0.039583 0.056481
5 0.464583 0.243519 0.069444 0.085185
5 0.398611 0.585648 0.068056 0.080556
6 0.382639 0.275000 0.065278 0.083333
6 0.322222 0.713889 0.065278 0.081481
8 0.586111 0.216667 0.063889 0.087037
8 0.268750 0.307407 0.069444 0.094444
