0 0.249653 0.580093 0.042361 0.054630
0 0.305556 0.664352 0.041667 0.060185
8 0.270139 0.329630 0.066667 0.087037
8 0.585417 0.450000 0.062500 0.085185
1 0.294097 0.598611 0.040972 0.058333
1 0.355208 0.438426 0.040972 0.058333
2 0.380208 0.504167 0.042361 0.054630
2 0.260764 0.674537 0.045139 0.058333
3 0.737847 0.354167 0.043750 0.056481
3 0.759722 0.658333 0.045833 0.061111
4 0.801042 0.751852 0.045139 0.059259
4 0.432986 0.434722 0.046528 0.054630
5 0.514583 0.447685 0.068056 0.084259
5 0.372222 0.610185 0.063889 0.085185
6 0.404861 0.360185 0.066667 0.087037
6 0.297222 0.737963 0.069444 0.083333
7 0.365278 0.722685 0.066667 0.086111
7 0.778472 0.474074 0.068056 0.092593
