0 0.252431 0.575000 0.042361 0.055556
0 0.295139 0.645833 0.040278 0.060185
7 0.779861 0.455556 0.068056 0.088889
7 0.365278 0.722222 0.072222 0.090741
1 0.355208 0.432870 0.043750 0.054630
2 0.253125 0.635648 0.043750 0.052778
1 0.298264 0.572685 0.040972 0.058333
2 0.380903 0.491204 0.038194 0.054630
3 0.739236 0.337500 0.040972 0.052778
3 0.765625 0.659259 0.045139 0.059259
4 0.812847 0.670833 0.040972 0.054630
4 0.426736 0.432870 0.042361 0.058333
5 0.514583 0.449074 0.068056 0.090741
5 0.386111 0.566667 0.063889 0.085185
6 0.400694 0.350463 0.066667 0.082407
6 0.295833 0.734259 0.066667 0.090741
8 0.584028 0.443519 0.068056 0.088889
8 0.268750 0.324074 0.066667 0.083333
