0 0.563542 0.473148 0.040972 0.055556
0 0.260764 0.672222 0.040972 0.055556
7 0.571528 0.769907 0.062500 0.095370
7 0.786111 0.643519 0.069444 0.083333
1 0.507292 0.677315 0.042361 0.056481
1 0.788889 0.539352 0.044444 0.063889
2 0.734375 0.723611 0.039583 0.054630
2 0.530903 0.509722 0.040972 0.054630
3 0.730208 0.451389 0.042361 0.058333
3 0.709375 0.633796 0.043750 0.056481
4 0.435764 0.353241 0.043750 0.058333
4 0.810764 0.731019 0.042361 0.054630
5 0.507639 0.407407 0.065278 0.090741
5 0.674306 0.771296 0.077778 0.096296
6 0.373611 0.422222 0.069444 0.094444
6 0.507639 0.759259 0.070833 0.088889
8 0.588194 0.408333 0.068056 0.085185
8 0.255556 0.398611 0.068056 0.087963
