0 0.565625 0.463889 0.040972 0.055556
0 0.254514 0.666204 0.042361 0.063889
1 0.792361 0.548611 0.043056 0.060185
1 0.508333 0.693056 0.044444 0.058333
2 0.722569 0.733796 0.040972 0.056481
2 0.528125 0.494907 0.038194 0.058333
3 0.722917 0.647685 0.043056 0.050926
3 0.748958 0.446759 0.038194 0.052778
4 0.431597 0.339352 0.040972 0.056481
4 0.792708 0.743519 0.042361 0.061111
5 0.506250 0.400926 0.068056 0.088889
5 0.683333 0.782407 0.076389 0.103704
6 0.504167 0.773148 0.066667 0.088889
6 0.370139 0.412963 0.065278 0.087037
7 0.790972 0.651852 0.068056 0.088889
7 0.574306 0.779630 0.065278 0.094444
8 0.259722 0.391667 0.065278 0.087037
8 0.589583 0.398611 0.068056 0.087963
