0 0.568403 0.431019 0.038194 0.056481
0 0.240625 0.649537 0.042361 0.058333
8 0.594444 0.364815 0.066667 0.088889
8 0.257639 0.373148 0.066667 0.090741
1 0.768403 0.534722 0.045139 0.054630
1 0.504514 0.686574 0.045139 0.056481
2 0.730903 0.719907 0.043750 0.058333
2 0.523264 0.466667 0.042361 0.055556
3 0.772569 0.420370 0.045139 0.061111
3 0.722917 0.643056 0.043056 0.060185
4 0.422569 0.320833 0.045139 0.058333
4 0.774653 0.731019 0.046528 0.062037
5 0.497917 0.379630 0.068056 0.085185
7 0.572222 0.770370 0.066667 0.090741
7 0.688194 0.768981 0.066667 0.087963
7 0.780556 0.640741 0.063889 0.092593
6 0.498611 0.776852 0.069444 0.092593
6 0.363889 0.399074 0.061111 0.092593
