0 0.567014 0.283333 0.038194 0.053704
0 0.205903 0.617130 0.043750 0.056481
6 0.341667 0.375000 0.065278 0.090741
6 0.497222 0.761111 0.069444 0.096296
1 0.499653 0.660648 0.046528 0.060185
1 0.760764 0.436574 0.040972 0.054630
2 0.721528 0.651852 0.040278 0.055556
2 0.527431 0.272685 0.039583 0.056481
3 0.764931 0.229167 0.046528 0.060185
3 0.717361 0.546759 0.043056 0.056481
4 0.420486 0.262500 0.043750 0.054630
4 0.765625 0.641204 0.042361 0.056481
5 0.478472 0.239815 0.061111 0.092593
5 0.689583 0.738889 0.072222 0.092593
7 0.568750 0.750926 0.068056 0.098148
7 0.770486 0.564815 0.065972 0.085185
8 0.234028 0.374074 0.068056 0.092593
8 0.593056 0.215278 0.066667 0.087963
