8 0.351389 0.501852 0.065278 0.083333
8 0.700000 0.750926 0.073611 0.101852
1 0.398264 0.537500 0.045139 0.052778
1 0.439583 0.391204 0.043056 0.062037
2 0.628819 0.392130 0.049306 0.060185
2 0.394792 0.643981 0.043750 0.058333
0 0.768403 0.462963 0.045139 0.062963
0 0.245486 0.521759 0.042361 0.054630
3 0.353125 0.413889 0.042361 0.062963
3 0.250347 0.660648 0.043750 0.060185
4 0.342708 0.589352 0.043750 0.058333
4 0.329514 0.727315 0.043750 0.054630
5 0.297917 0.428704 0.065278 0.088889
5 0.808681 0.660185 0.075694 0.090741
6 0.622917 0.757407 0.066667 0.092593
6 0.306944 0.658333 0.063889 0.087037
7 0.775000 0.741667 0.069444 0.098148
7 0.565972 0.662037 0.068056 0.094444
