7 0.586806 0.666667 0.073611 0.088889
7 0.797917 0.740741 0.068056 0.088889
0 0.262847 0.523611 0.043750 0.058333
0 0.786806 0.460185 0.045833 0.064815
1 0.444792 0.391204 0.040972 0.058333
1 0.414931 0.536574 0.043750 0.058333
2 0.417014 0.645833 0.039583 0.058333
2 0.657986 0.373148 0.045139 0.057407
3 0.263194 0.666204 0.044444 0.060185
3 0.367708 0.409722 0.043750 0.058333
4 0.353819 0.591204 0.043750 0.058333
4 0.348958 0.737500 0.045139 0.063889
5 0.312500 0.429630 0.069444 0.094444
5 0.819444 0.655556 0.070833 0.088889
6 0.320486 0.664815 0.067361 0.088889
6 0.647222 0.760185 0.066667 0.090741
8 0.727083 0.750926 0.073611 0.098148
8 0.366667 0.499074 0.066667 0.088889
