8 0.441667 0.491204 0.069444 0.084259
8 0.752778 0.750000 0.068056 0.088889
0 0.416319 0.556019 0.040972 0.056481
0 0.800347 0.479167 0.043750 0.060185
1 0.559375 0.332407 0.046528 0.055556
1 0.706597 0.470370 0.043750 0.055556
2 0.776042 0.357870 0.043750 0.060185
2 0.642014 0.706944 0.042361 0.054630
3 0.426736 0.756019 0.042361 0.062037
3 0.483681 0.402315 0.045139 0.062037
4 0.451042 0.591204 0.042361 0.054630
4 0.622569 0.758796 0.045139 0.052778
5 0.427083 0.405556 0.068056 0.087037
5 0.810417 0.655556 0.061111 0.081481
6 0.461111 0.702778 0.068056 0.092593
6 0.686806 0.762963 0.063889 0.088889
7 0.819444 0.747222 0.065278 0.098148
7 0.744444 0.642593 0.065278 0.088889
