7 0.744444 0.646296 0.068056 0.088889
7 0.820833 0.747222 0.068056 0.090741
0 0.417014 0.556944 0.042361 0.050926
0 0.810069 0.484722 0.043750 0.060185
1 0.784722 0.432870 0.044444 0.058333
1 0.564931 0.325926 0.043750 0.057407
2 0.776736 0.355093 0.045139 0.058333
2 0.644792 0.707870 0.042361 0.060185
3 0.482292 0.403241 0.045139 0.060185
3 0.425347 0.757870 0.042361 0.054630
4 0.451042 0.590278 0.036806 0.052778
4 0.624653 0.761574 0.043750 0.054630
5 0.427083 0.402315 0.065278 0.084259
5 0.811111 0.660185 0.062500 0.087037
6 0.460417 0.708333 0.069444 0.088889
6 0.686806 0.762037 0.063889 0.094444
8 0.752778 0.749074 0.068056 0.094444
8 0.437500 0.489352 0.066667 0.084259
