8 0.438889 0.498148 0.069444 0.087037
8 0.754861 0.770370 0.069444 0.094444
0 0.416319 0.561111 0.040972 0.055556
0 0.810764 0.503241 0.039583 0.052778
1 0.790278 0.449537 0.047222 0.062037
1 0.569792 0.338426 0.045139 0.058333
2 0.780208 0.371296 0.040972 0.061111
2 0.646181 0.723611 0.036806 0.054630
3 0.420486 0.769907 0.043750 0.060185
3 0.484375 0.406944 0.043750 0.060185
4 0.450347 0.600463 0.043750 0.054630
4 0.621181 0.774537 0.045139 0.058333
5 0.429861 0.409259 0.070833 0.087037
5 0.811111 0.677778 0.062500 0.090741
6 0.459028 0.717593 0.069444 0.092593
6 0.685417 0.778704 0.063889 0.092593
7 0.820139 0.775000 0.066667 0.100000
7 0.741667 0.661111 0.070833 0.096296
