7 0.738889 0.678241 0.068056 0.087963
7 0.814583 0.788889 0.069444 0.090741
0 0.413542 0.568056 0.043750 0.052778
0 0.805208 0.529167 0.042361 0.058333
1 0.573264 0.346759 0.046528 0.060185
1 0.790278 0.472222 0.044444 0.059259
2 0.782986 0.389352 0.046528 0.058333
2 0.637153 0.736574 0.046528 0.054630
3 0.408333 0.769907 0.043056 0.056481
3 0.487847 0.413426 0.042361 0.062037
4 0.612500 0.786111 0.045833 0.059259
4 0.447569 0.602778 0.040972 0.059259
5 0.431944 0.417593 0.066667 0.085185
5 0.811806 0.696296 0.066667 0.094444
6 0.452778 0.730556 0.066667 0.094444
6 0.674306 0.794444 0.066667 0.087037
8 0.436806 0.503704 0.068056 0.087037
8 0.742361 0.790741 0.069444 0.090741
