8 0.407639 0.513889 0.063889 0.088889
8 0.581944 0.812963 0.075000 0.098148
0 0.436458 0.615278 0.039583 0.056481
0 0.475694 0.564352 0.047222 0.049074
1 0.344097 0.349537 0.043750 0.054630
1 0.453819 0.327778 0.045139 0.057407
2 0.739931 0.333333 0.042361 0.053704
2 0.453125 0.772685 0.043750 0.062037
3 0.489931 0.410648 0.046528 0.056481
3 0.392014 0.775463 0.043750 0.060185
4 0.506250 0.707870 0.045833 0.060185
4 0.448958 0.702778 0.043750 0.059259
5 0.370833 0.436111 0.069444 0.085185
5 0.769444 0.728704 0.068056 0.094444
6 0.497917 0.824074 0.062500 0.092593
6 0.247917 0.837037 0.070833 0.096296
7 0.627778 0.712037 0.068056 0.085185
7 0.689583 0.791667 0.066667 0.085185
