7 0.692361 0.802778 0.075000 0.088889
7 0.686111 0.681481 0.070833 0.098148
0 0.418403 0.377778 0.042361 0.051852
0 0.535069 0.382870 0.040972 0.056481
1 0.346875 0.436574 0.043750 0.065741
1 0.212847 0.586574 0.047917 0.052778
2 0.307292 0.642130 0.043750 0.058333
2 0.787500 0.303241 0.041667 0.056481
3 0.672569 0.391204 0.040972 0.062037
3 0.353819 0.605556 0.040972 0.053704
4 0.411458 0.452315 0.042361 0.056481
4 0.664931 0.520833 0.045139 0.056481
5 0.290278 0.460185 0.069444 0.083333
5 0.775694 0.750000 0.068056 0.096296
6 0.426389 0.763889 0.069444 0.090741
6 0.277778 0.550926 0.068056 0.087037
8 0.529514 0.685185 0.075694 0.101852
8 0.347222 0.513889 0.065278 0.077778
