8 0.345139 0.503704 0.063889 0.083333
8 0.530208 0.678241 0.074306 0.100926
0 0.415625 0.371759 0.042361 0.054630
0 0.532986 0.372222 0.042361 0.055556
1 0.212153 0.575463 0.038194 0.052778
1 0.343403 0.428704 0.045139 0.062963
2 0.786458 0.295833 0.039583 0.056481
2 0.305903 0.631019 0.040972 0.058333
3 0.351042 0.598611 0.043750 0.058333
3 0.670486 0.382870 0.042361 0.056481
4 0.409028 0.443056 0.041667 0.049074
4 0.661458 0.511111 0.046528 0.057407
5 0.287500 0.454630 0.066667 0.083333
5 0.774653 0.740741 0.063194 0.088889
6 0.275694 0.543519 0.063889 0.083333
6 0.424653 0.757407 0.070139 0.096296
7 0.686806 0.670370 0.066667 0.092593
7 0.693056 0.796296 0.070833 0.090741
