7 0.687500 0.673148 0.068056 0.090741
7 0.693056 0.790741 0.068056 0.090741
0 0.414931 0.368056 0.040972 0.058333
0 0.532986 0.370370 0.039583 0.059259
1 0.212847 0.577315 0.039583 0.056481
1 0.346181 0.425000 0.045139 0.059259
2 0.785417 0.293056 0.043056 0.062037
2 0.305903 0.629167 0.038194 0.058333
3 0.671181 0.378704 0.040972 0.057407
3 0.350347 0.600463 0.042361 0.054630
4 0.410417 0.439352 0.041667 0.052778
4 0.662153 0.515741 0.047917 0.062963
5 0.288889 0.454630 0.063889 0.079630
5 0.770139 0.737037 0.066667 0.092593
6 0.277083 0.543519 0.066667 0.083333
6 0.424653 0.756481 0.070139 0.098148
8 0.531944 0.675000 0.070833 0.090741
8 0.345139 0.502778 0.063889 0.081481
