8 0.345139 0.504630 0.066667 0.088889
8 0.529514 0.675926 0.081250 0.092593
0 0.417014 0.368981 0.042361 0.060185
0 0.535069 0.375000 0.040972 0.057407
1 0.344792 0.425926 0.047917 0.053704
1 0.213542 0.579167 0.046528 0.056481
2 0.306250 0.633796 0.043056 0.056481
2 0.785417 0.292130 0.045833 0.063889
3 0.670486 0.381019 0.042361 0.052778
3 0.351042 0.598611 0.040972 0.058333
4 0.412153 0.443056 0.040972 0.056481
4 0.663542 0.515741 0.047917 0.066667
5 0.288889 0.454630 0.066667 0.087037
5 0.772917 0.737963 0.068056 0.087037
6 0.277083 0.545370 0.069444 0.087037
6 0.422917 0.754630 0.066667 0.090741
7 0.687500 0.668519 0.065278 0.088889
7 0.693056 0.792593 0.073611 0.094444
