7 0.687500 0.671296 0.070833 0.094444
7 0.693056 0.788889 0.070833 0.094444
0 0.417014 0.369907 0.042361 0.058333
0 0.535069 0.370833 0.038194 0.056481
1 0.211458 0.575463 0.042361 0.049074
1 0.346181 0.424074 0.050694 0.061111
2 0.788889 0.292130 0.044444 0.056481
2 0.305903 0.631019 0.040972 0.062037
3 0.353125 0.597685 0.039583 0.056481
3 0.670486 0.377778 0.042361 0.062963
4 0.409722 0.443981 0.043056 0.054630
4 0.662847 0.512037 0.046528 0.062963
5 0.286806 0.453704 0.068056 0.085185
5 0.772917 0.740741 0.070833 0.092593
6 0.276389 0.541204 0.068056 0.086111
6 0.423611 0.754630 0.070833 0.094444
8 0.530903 0.677315 0.075694 0.095370
8 0.343750 0.500000 0.069444 0.083333
