8 0.319444 0.643519 0.069444 0.098148
8 0.531944 0.387963 0.068056 0.090741
0 0.387153 0.725463 0.042361 0.050926
0 0.181597 0.705556 0.050694 0.057407
1 0.737847 0.543981 0.040972 0.058333
1 0.528125 0.633796 0.043750 0.060185
2 0.704514 0.675463 0.039583 0.063889
2 0.524653 0.457870 0.045139 0.056481
3 0.776042 0.244907 0.038194 0.056481
3 0.660764 0.688889 0.047917 0.068519
4 0.436458 0.518519 0.045139 0.061111
4 0.767014 0.759722 0.045139 0.054630
5 0.211806 0.273148 0.066667 0.087037
5 0.690972 0.757407 0.072222 0.092593
6 0.360417 0.532407 0.073611 0.088889
6 0.447917 0.751852 0.073611 0.096296
7 0.531250 0.757407 0.066667 0.096296
7 0.757639 0.687963 0.063889 0.088889
