7 0.735764 0.482407 0.067361 0.094444
7 0.797917 0.676389 0.076389 0.097222
0 0.741319 0.702778 0.042361 0.055556
0 0.355208 0.712500 0.038194 0.050926
1 0.265972 0.611111 0.038889 0.057407
1 0.435764 0.460648 0.043750 0.050926
2 0.256597 0.671759 0.045139 0.056481
2 0.753472 0.274537 0.047222 0.056481
3 0.739236 0.369907 0.040972 0.054630
3 0.370139 0.511574 0.040278 0.050926
4 0.419792 0.515741 0.045139 0.059259
4 0.781597 0.406944 0.043750 0.063889
5 0.338194 0.430556 0.063889 0.088889
5 0.771875 0.579630 0.065972 0.085185
6 0.303472 0.512037 0.068056 0.088889
6 0.366667 0.626852 0.066667 0.092593
8 0.421528 0.385185 0.069444 0.096296
8 0.645833 0.337037 0.069444 0.094444
