8 0.424306 0.405556 0.069444 0.094444
8 0.670833 0.355093 0.068056 0.097222
0 0.373958 0.744907 0.038194 0.049074
0 0.751389 0.730093 0.040278 0.063889
1 0.282986 0.631019 0.043750 0.054630
1 0.449653 0.470370 0.042361 0.062963
2 0.269444 0.690741 0.043056 0.064815
2 0.782292 0.298611 0.042361 0.058333
3 0.765625 0.371296 0.047917 0.057407
3 0.387153 0.529167 0.047917 0.058333
4 0.435764 0.531019 0.038194 0.062037
4 0.776736 0.448611 0.039583 0.056481
5 0.346528 0.450000 0.066667 0.096296
5 0.796528 0.600000 0.068056 0.094444
6 0.309028 0.535185 0.076389 0.087037
6 0.371528 0.656481 0.065278 0.087037
7 0.800694 0.697222 0.070833 0.092593
7 0.731250 0.500000 0.065278 0.094444
