7 0.727083 0.498148 0.062500 0.083333
7 0.798611 0.721296 0.066667 0.088889
0 0.746875 0.722685 0.036806 0.056481
0 0.568403 0.732870 0.042361 0.050926
1 0.355208 0.660648 0.040972 0.060185
1 0.551736 0.425000 0.042361 0.055556
2 0.768403 0.310648 0.042361 0.052778
2 0.402431 0.774537 0.042361 0.050926
3 0.467014 0.528241 0.040972 0.063889
3 0.784375 0.369444 0.038194 0.064815
4 0.529514 0.522685 0.038194 0.060185
4 0.778819 0.495833 0.040972 0.060185
5 0.386806 0.461111 0.068056 0.088889
5 0.791667 0.622222 0.072222 0.094444
6 0.348611 0.539352 0.068056 0.089815
6 0.411806 0.674074 0.066667 0.096296
8 0.442361 0.407407 0.070833 0.090741
8 0.733333 0.377778 0.066667 0.096296
