8 0.415972 0.385185 0.072222 0.096296
8 0.688889 0.420370 0.070833 0.090741
0 0.621875 0.771759 0.040972 0.060185
0 0.670486 0.772685 0.050694 0.065741
1 0.209375 0.721759 0.043750 0.054630
1 0.647917 0.329630 0.043056 0.053704
2 0.722917 0.347685 0.048611 0.058333
2 0.382986 0.779167 0.045139 0.049074
3 0.749653 0.403241 0.042361 0.063889
3 0.462153 0.431944 0.045139 0.056481
4 0.760417 0.577315 0.047222 0.060185
4 0.550694 0.493981 0.047222 0.063889
5 0.325000 0.434259 0.070833 0.085185
5 0.747222 0.679630 0.073611 0.098148
6 0.273611 0.536111 0.070833 0.088889
6 0.377778 0.700926 0.075000 0.096296
7 0.709722 0.540741 0.069444 0.096296
7 0.753472 0.782407 0.072222 0.096296
