7 0.411806 0.798148 0.075000 0.094444
7 0.549306 0.526852 0.063889 0.085185
0 0.223264 0.744444 0.040972 0.055556
0 0.268056 0.796759 0.043056 0.052778
1 0.265972 0.616204 0.041667 0.054630
1 0.301389 0.321759 0.041667 0.060185
2 0.221875 0.806944 0.043750 0.058333
2 0.272222 0.268056 0.045833 0.054630
3 0.261806 0.368981 0.047222 0.052778
3 0.409722 0.357870 0.043056 0.060185
4 0.330208 0.514815 0.042361 0.061111
4 0.566319 0.597685 0.043750 0.060185
5 0.200000 0.430556 0.065278 0.085185
5 0.455208 0.705556 0.077083 0.087037
6 0.207639 0.547222 0.069444 0.094444
6 0.210417 0.675463 0.069444 0.089815
8 0.210417 0.279630 0.069444 0.088889
8 0.354167 0.321296 0.070833 0.085185
