8 0.302778 0.287963 0.069444 0.090741
8 0.198611 0.330556 0.070833 0.085185
0 0.210069 0.741667 0.045139 0.057407
0 0.262153 0.782870 0.045139 0.056481
1 0.253125 0.349537 0.040972 0.054630
1 0.298264 0.618056 0.040972 0.062037
2 0.250347 0.281481 0.043750 0.051852
2 0.223264 0.810648 0.040972 0.058333
3 0.257292 0.437500 0.040972 0.060185
3 0.339583 0.353241 0.047222 0.054630
4 0.345486 0.536574 0.043750 0.058333
4 0.530208 0.613889 0.045139 0.059259
5 0.200000 0.434259 0.065278 0.088889
5 0.375000 0.753704 0.069444 0.088889
5 0.206944 0.550926 0.070833 0.090741
5 0.212500 0.668519 0.068056 0.085185
7 0.533333 0.514815 0.065278 0.090741
7 0.317014 0.787037 0.063194 0.090741
