7 0.529167 0.520370 0.068056 0.090741
7 0.297222 0.807407 0.063889 0.090741
0 0.209375 0.757870 0.043750 0.058333
0 0.252431 0.763426 0.036806 0.058333
1 0.300694 0.623611 0.045833 0.062037
1 0.253819 0.371296 0.039583 0.057407
2 0.239931 0.298611 0.042361 0.062037
2 0.229167 0.819907 0.044444 0.058333
3 0.252431 0.463426 0.042361 0.056481
3 0.314931 0.356944 0.047917 0.062037
4 0.341319 0.543056 0.040972 0.056481
4 0.519097 0.621759 0.047917 0.062037
5 0.199306 0.442593 0.066667 0.087037
5 0.355556 0.766204 0.069444 0.086111
6 0.204861 0.560185 0.063889 0.079630
6 0.212500 0.679630 0.068056 0.087037
8 0.196528 0.344444 0.069444 0.094444
8 0.293750 0.289815 0.062500 0.090741
