3 0.345486 0.356944 0.043750 0.054630
3 0.300694 0.451389 0.040278 0.054630
0 0.210069 0.758796 0.042361 0.060185
0 0.253125 0.767130 0.038194 0.054630
1 0.301389 0.614352 0.038889 0.058333
1 0.264583 0.362500 0.044444 0.054630
2 0.217708 0.824537 0.043750 0.052778
2 0.263889 0.301389 0.045833 0.063889
4 0.354514 0.535648 0.042361 0.060185
4 0.528125 0.634722 0.049306 0.065741
5 0.234028 0.434259 0.073611 0.096296
5 0.374306 0.784259 0.073611 0.100000
6 0.208333 0.560185 0.068056 0.087037
6 0.211806 0.683333 0.066667 0.090741
7 0.554167 0.520370 0.068056 0.087037
7 0.307639 0.805556 0.068056 0.090741
8 0.202083 0.328704 0.072222 0.100000
8 0.319792 0.288889 0.068750 0.088889
