8 0.335417 0.303241 0.066667 0.086111
8 0.200694 0.337963 0.063889 0.085185
0 0.207292 0.767130 0.042361 0.062037
0 0.252431 0.772685 0.042361 0.058333
1 0.309375 0.624537 0.042361 0.060185
1 0.276736 0.381481 0.045139 0.059259
2 0.280903 0.314352 0.039583 0.049074
2 0.218403 0.832870 0.042361 0.058333
3 0.338194 0.461574 0.041667 0.060185
3 0.370833 0.364352 0.044444 0.058333
4 0.362847 0.550463 0.042361 0.056481
4 0.543750 0.653704 0.044444 0.055556
5 0.381944 0.787037 0.069444 0.098148
5 0.247222 0.445833 0.063889 0.084259
6 0.211806 0.569444 0.069444 0.090741
6 0.215278 0.689815 0.070833 0.085185
7 0.570139 0.521296 0.068056 0.088889
7 0.313194 0.806481 0.065278 0.096296
