7 0.311806 0.811111 0.070833 0.098148
7 0.590972 0.503704 0.073611 0.094444
0 0.207292 0.766204 0.045139 0.052778
0 0.249653 0.774537 0.042361 0.058333
1 0.283681 0.380093 0.042361 0.054630
1 0.326736 0.627315 0.043750 0.062037
2 0.284375 0.320833 0.040972 0.058333
2 0.210764 0.826389 0.043750 0.060185
3 0.369444 0.460648 0.044444 0.058333
3 0.398264 0.348611 0.045139 0.060185
4 0.362847 0.549537 0.045139 0.058333
4 0.586806 0.680093 0.051389 0.065741
5 0.244444 0.450000 0.072222 0.092593
5 0.388542 0.793519 0.077083 0.100000
6 0.209028 0.568519 0.072222 0.092593
6 0.214931 0.692593 0.072917 0.098148
8 0.204861 0.334259 0.066667 0.088889
8 0.338194 0.304630 0.072222 0.090741
