8 0.538194 0.266667 0.072222 0.092593
8 0.226389 0.325000 0.075000 0.088889
0 0.392708 0.568981 0.042361 0.062037
0 0.384375 0.631019 0.042361 0.054630
1 0.507639 0.356944 0.043056 0.058333
1 0.449653 0.336574 0.042361 0.058333
2 0.465625 0.279630 0.040972 0.055556
2 0.342708 0.726389 0.040972 0.056481
3 0.768403 0.559259 0.045139 0.059259
3 0.746181 0.249537 0.043750 0.058333
4 0.660764 0.326852 0.042361 0.059259
4 0.791667 0.618056 0.050000 0.065741
5 0.491667 0.687963 0.068056 0.088889
5 0.405556 0.304167 0.065278 0.087963
6 0.303472 0.419444 0.068056 0.088889
6 0.317361 0.627778 0.068056 0.087037
7 0.423958 0.687963 0.067361 0.085185
7 0.724306 0.187037 0.068056 0.088889
