7 0.657292 0.462500 0.068750 0.093519
7 0.360417 0.804630 0.070833 0.088889
0 0.367708 0.563889 0.038194 0.053704
0 0.364236 0.643056 0.042361 0.060185
1 0.417708 0.556481 0.043750 0.057407
1 0.464931 0.560185 0.042361 0.061111
2 0.446875 0.506944 0.042361 0.056481
2 0.306250 0.899537 0.045833 0.065741
3 0.726736 0.552315 0.035417 0.060185
3 0.748264 0.458796 0.045139 0.058333
4 0.557986 0.651852 0.046528 0.059259
4 0.694792 0.684722 0.047917 0.063889
5 0.366667 0.482407 0.069444 0.090741
5 0.454514 0.875000 0.078472 0.103704
6 0.285069 0.516667 0.064583 0.087037
6 0.281250 0.752778 0.069444 0.094444
8 0.178472 0.511111 0.070833 0.087037
8 0.520139 0.533333 0.068056 0.094444
