8 0.517361 0.623148 0.073611 0.096296
8 0.165972 0.551852 0.070833 0.088889
0 0.360069 0.609259 0.045139 0.057407
0 0.350347 0.696296 0.045139 0.061111
1 0.399653 0.641204 0.042361 0.056481
1 0.454514 0.645833 0.043750 0.058333
2 0.434375 0.592130 0.040972 0.052778
2 0.285069 0.960648 0.042361 0.063889
3 0.721528 0.568519 0.045833 0.062963
3 0.749306 0.493056 0.047222 0.065741
4 0.523264 0.786111 0.045139 0.062963
4 0.662153 0.723611 0.045139 0.062037
5 0.372917 0.514815 0.076389 0.087037
5 0.430208 0.956019 0.071528 0.087963
6 0.284028 0.549074 0.066667 0.090741
6 0.270139 0.785185 0.069444 0.098148
7 0.343056 0.852778 0.070833 0.083333
7 0.662500 0.506481 0.061111 0.085185
