7 0.699653 0.333333 0.063194 0.090741
7 0.375000 0.783333 0.069444 0.094444
0 0.367014 0.497685 0.042361 0.060185
0 0.353125 0.618981 0.039583 0.052778
1 0.383681 0.579167 0.040972 0.052778
1 0.448264 0.583796 0.039583 0.054630
2 0.414931 0.538426 0.040972 0.058333
2 0.288542 0.730093 0.040972 0.056481
3 0.769097 0.418519 0.043750 0.057407
3 0.773264 0.201389 0.043750 0.063889
4 0.679514 0.640278 0.043750 0.058333
4 0.513194 0.743519 0.045833 0.057407
5 0.402083 0.381481 0.066667 0.092593
5 0.444444 0.667593 0.066667 0.090741
6 0.322917 0.377778 0.069444 0.088889
6 0.310417 0.662963 0.068056 0.085185
8 0.216667 0.386111 0.069444 0.087037
8 0.536111 0.515741 0.073611 0.096296
