8 0.546528 0.484259 0.072222 0.094444
8 0.230556 0.320370 0.066667 0.094444
0 0.357292 0.454167 0.039583 0.052778
0 0.362847 0.593981 0.042361 0.056481
1 0.454514 0.496759 0.046528 0.054630
1 0.392014 0.538426 0.040972 0.054630
2 0.406944 0.473611 0.040278 0.056481
2 0.263194 0.693056 0.044444 0.054630
3 0.760069 0.218056 0.042361 0.056481
3 0.780208 0.381481 0.043750 0.059259
5 0.416667 0.346296 0.068056 0.094444
5 0.429167 0.594444 0.069444 0.087037
6 0.318056 0.638889 0.066667 0.085185
6 0.345833 0.332407 0.068056 0.088889
4 0.695486 0.628241 0.046528 0.063889
4 0.502431 0.616204 0.046528 0.062037
7 0.715972 0.298148 0.068056 0.092593
7 0.382639 0.772222 0.070833 0.090741
