7 0.706250 0.341667 0.065278 0.088889
7 0.323611 0.885185 0.068056 0.098148
0 0.287847 0.496759 0.042361 0.050926
0 0.317014 0.688426 0.040972 0.056481
1 0.328125 0.546759 0.040972 0.052778
1 0.376042 0.465741 0.042361 0.053704
2 0.335069 0.486574 0.038194 0.056481
2 0.202083 0.788889 0.041667 0.061111
3 0.747569 0.446759 0.046528 0.060185
3 0.756944 0.366204 0.043056 0.058333
4 0.407639 0.506019 0.041667 0.058333
4 0.707986 0.717130 0.046528 0.063889
5 0.384028 0.390741 0.068056 0.092593
5 0.372222 0.653704 0.066667 0.092593
6 0.306250 0.420370 0.068056 0.083333
6 0.271528 0.737037 0.069444 0.088889
8 0.513194 0.546296 0.070833 0.092593
8 0.180903 0.416667 0.068750 0.090741
