8 0.229861 0.362963 0.068056 0.092593
8 0.552778 0.291667 0.070833 0.094444
0 0.224653 0.593981 0.043750 0.056481
0 0.334028 0.715278 0.041667 0.052778
1 0.296181 0.609259 0.039583 0.053704
1 0.368403 0.425926 0.042361 0.053704
2 0.332292 0.529167 0.038194 0.062037
2 0.225347 0.662500 0.045139 0.060185
3 0.760764 0.600926 0.040972 0.059259
3 0.780208 0.359722 0.043750 0.060185
4 0.746181 0.679167 0.038194 0.052778
4 0.382292 0.369907 0.043750 0.058333
5 0.415972 0.315741 0.069444 0.081481
5 0.363889 0.648148 0.069444 0.088889
6 0.288194 0.757407 0.065278 0.085185
6 0.334722 0.337037 0.068056 0.090741
7 0.784028 0.447685 0.068056 0.084259
7 0.365972 0.785185 0.068056 0.087037
