4 0.770486 0.688426 0.043750 0.060185
4 0.393403 0.519444 0.043750 0.059259
0 0.218403 0.690278 0.039583 0.060185
0 0.258681 0.780093 0.040972 0.062037
1 0.262153 0.685648 0.045139 0.058333
1 0.332639 0.521759 0.044444 0.054630
3 0.701042 0.421296 0.040972 0.062963
3 0.732292 0.802315 0.043750 0.060185
2 0.220486 0.747222 0.035417 0.053704
2 0.354514 0.574537 0.039583 0.054630
5 0.480556 0.515741 0.070833 0.092593
5 0.350000 0.715741 0.068056 0.092593
6 0.361806 0.458333 0.068056 0.083333
6 0.256250 0.877778 0.066667 0.098148
7 0.327083 0.869444 0.075000 0.096296
7 0.749306 0.587037 0.069444 0.098148
8 0.225694 0.440741 0.068056 0.090741
8 0.552083 0.495370 0.063889 0.096296
