8 0.256944 0.392593 0.065278 0.088889
8 0.591667 0.403704 0.072222 0.090741
0 0.564931 0.471759 0.043750 0.052778
0 0.261458 0.670833 0.046528 0.062037
1 0.507639 0.679167 0.045833 0.063889
1 0.792708 0.539352 0.042361 0.056481
2 0.732986 0.723611 0.039583 0.054630
2 0.532986 0.510648 0.036806 0.049074
3 0.729514 0.457870 0.046528 0.056481
3 0.710764 0.637500 0.046528 0.056481
5 0.507639 0.404630 0.062500 0.081481
5 0.675000 0.770833 0.068056 0.087963
4 0.807986 0.732870 0.047917 0.062037
4 0.434375 0.348611 0.046528 0.056481
6 0.375694 0.416667 0.065278 0.083333
6 0.506250 0.758333 0.068056 0.087037
7 0.572917 0.770833 0.065278 0.087963
7 0.784722 0.644444 0.066667 0.092593
