0 0.260764 0.673611 0.047917 0.060185
0 0.562847 0.473148 0.047917 0.057407
1 0.507639 0.677315 0.043056 0.060185
1 0.790972 0.539352 0.040278 0.056481
2 0.735069 0.729167 0.043750 0.054630
2 0.535069 0.507870 0.038194 0.058333
3 0.731597 0.455093 0.045139 0.062037
3 0.710069 0.634722 0.045139 0.058333
4 0.435069 0.349537 0.039583 0.054630
4 0.810069 0.733796 0.046528 0.060185
5 0.509722 0.406481 0.061111 0.088889
5 0.675694 0.766667 0.066667 0.088889
6 0.504167 0.757407 0.069444 0.081481
6 0.373611 0.418519 0.066667 0.098148
7 0.785417 0.646296 0.065278 0.088889
7 0.575000 0.770370 0.061111 0.090741
8 0.588889 0.403704 0.069444 0.090741
8 0.254861 0.395370 0.063889 0.087037
