8 0.589583 0.403704 0.065278 0.090741
8 0.256250 0.393519 0.066667 0.083333
0 0.262153 0.671759 0.042361 0.056481
0 0.564236 0.471759 0.045139 0.052778
1 0.506597 0.679167 0.038194 0.052778
1 0.790278 0.538426 0.044444 0.065741
3 0.729514 0.455093 0.043750 0.058333
3 0.711458 0.634722 0.042361 0.062037
2 0.734375 0.724537 0.039583 0.052778
2 0.533681 0.506944 0.035417 0.056481
4 0.434375 0.351389 0.043750 0.054630
4 0.810069 0.729167 0.052083 0.065741
5 0.507639 0.403704 0.065278 0.090741
5 0.675000 0.766667 0.068056 0.088889
6 0.374306 0.419444 0.070833 0.092593
6 0.505556 0.756481 0.069444 0.090741
7 0.572222 0.768519 0.069444 0.092593
7 0.783333 0.642593 0.066667 0.088889
