7 0.785417 0.645370 0.068056 0.094444
7 0.572222 0.769907 0.066667 0.095370
0 0.564931 0.473611 0.035417 0.049074
0 0.263194 0.670833 0.044444 0.058333
1 0.507292 0.675463 0.042361 0.056481
1 0.791667 0.541204 0.047222 0.067593
2 0.731597 0.726389 0.039583 0.056481
2 0.531597 0.504167 0.039583 0.054630
3 0.729514 0.452315 0.040972 0.052778
3 0.711458 0.631944 0.045139 0.056481
4 0.435069 0.350463 0.042361 0.052778
4 0.810764 0.731019 0.042361 0.062037
5 0.509028 0.405556 0.070833 0.090741
5 0.673611 0.768981 0.073611 0.091667
6 0.372917 0.418519 0.068056 0.094444
6 0.505556 0.759259 0.069444 0.081481
8 0.256944 0.398148 0.068056 0.092593
8 0.588889 0.402778 0.069444 0.085185
