7 0.504861 0.771296 0.065278 0.096296
7 0.745139 0.622222 0.063889 0.087037
0 0.350347 0.446759 0.042361 0.060185
0 0.185069 0.757870 0.049306 0.058333
1 0.550347 0.397685 0.042361 0.052778
1 0.207986 0.626389 0.040972 0.060185
2 0.351042 0.325926 0.038194 0.053704
2 0.677431 0.667130 0.042361 0.062037
3 0.748264 0.233333 0.039583 0.057407
3 0.566319 0.498611 0.043750 0.058333
4 0.276042 0.340278 0.040972 0.054630
4 0.721875 0.682870 0.039583 0.052778
5 0.178472 0.310185 0.068056 0.088889
5 0.689583 0.742593 0.072222 0.081481
6 0.243056 0.409259 0.069444 0.094444
6 0.426042 0.775000 0.065972 0.092593
8 0.455556 0.336111 0.063889 0.088889
8 0.172222 0.418519 0.066667 0.087037
