0 0.316319 0.790741 0.042361 0.061111
0 0.192014 0.748148 0.043750 0.062963
1 0.647917 0.479167 0.043056 0.067593
1 0.386458 0.715278 0.038194 0.052778
2 0.456597 0.477315 0.039583 0.052778
2 0.714236 0.649074 0.045139 0.061111
3 0.750000 0.210648 0.043056 0.056481
3 0.670486 0.667130 0.042361 0.062037
4 0.769792 0.732870 0.039583 0.054630
4 0.389236 0.483796 0.043750 0.054630
5 0.199306 0.321296 0.072222 0.092593
5 0.706944 0.729630 0.069444 0.085185
6 0.341667 0.555556 0.068056 0.092593
6 0.456250 0.762963 0.068056 0.100000
7 0.771875 0.660185 0.065972 0.087037
7 0.544444 0.748148 0.070833 0.096296
8 0.284722 0.640741 0.070833 0.088889
8 0.494097 0.404630 0.075694 0.092593
