8 0.333333 0.683333 0.070833 0.094444
8 0.519444 0.393519 0.066667 0.087037
0 0.398958 0.758796 0.038194 0.052778
0 0.203125 0.762500 0.042361 0.056481
1 0.496181 0.608333 0.047917 0.055556
1 0.773264 0.497685 0.040972 0.056481
2 0.715625 0.648148 0.042361 0.059259
2 0.517708 0.465278 0.036806 0.052778
3 0.676042 0.667130 0.042361 0.058333
3 0.750000 0.214352 0.043056 0.063889
4 0.439583 0.541204 0.040278 0.056481
4 0.781597 0.719907 0.043750 0.050926
5 0.711111 0.732407 0.063889 0.087037
5 0.197222 0.342593 0.068056 0.090741
6 0.360417 0.561111 0.062500 0.092593
6 0.471528 0.767130 0.069444 0.084259
7 0.553472 0.756481 0.063889 0.094444
7 0.770486 0.653704 0.065972 0.085185
