7 0.554861 0.752778 0.075000 0.098148
7 0.772569 0.648148 0.067361 0.092593
0 0.412847 0.743981 0.039583 0.050926
0 0.202083 0.750463 0.041667 0.054630
1 0.528125 0.612963 0.046528 0.064815
1 0.741319 0.512037 0.047917 0.062963
2 0.522569 0.460648 0.040972 0.050926
2 0.718750 0.645833 0.040278 0.058333
3 0.677431 0.664352 0.042361 0.060185
3 0.756944 0.215278 0.043056 0.065741
4 0.442361 0.534722 0.043056 0.058333
4 0.784028 0.720833 0.045833 0.056481
5 0.200694 0.327778 0.069444 0.083333
5 0.712500 0.726852 0.066667 0.090741
6 0.368056 0.555556 0.069444 0.092593
6 0.473611 0.764815 0.068056 0.096296
8 0.337500 0.682407 0.068056 0.092593
8 0.522917 0.387037 0.065278 0.085185
