8 0.522222 0.387037 0.069444 0.096296
8 0.336111 0.681481 0.070833 0.090741
0 0.410764 0.742593 0.040972 0.055556
0 0.202778 0.756019 0.043056 0.058333
1 0.539236 0.633796 0.040972 0.056481
1 0.737847 0.513889 0.043750 0.059259
2 0.718750 0.648148 0.037500 0.059259
2 0.519792 0.457870 0.040972 0.056481
3 0.676042 0.665278 0.036806 0.050926
3 0.756944 0.217130 0.043056 0.058333
4 0.442361 0.534722 0.045833 0.058333
4 0.787500 0.721759 0.038889 0.054630
5 0.200694 0.326852 0.066667 0.088889
5 0.715278 0.726852 0.069444 0.090741
6 0.366667 0.556481 0.066667 0.090741
6 0.470833 0.768056 0.070833 0.095370
7 0.554861 0.757407 0.072222 0.100000
7 0.772222 0.653704 0.069444 0.088889
