7 0.552083 0.759259 0.069444 0.096296
7 0.771181 0.656481 0.067361 0.079630
0 0.408333 0.746296 0.043056 0.059259
0 0.201389 0.756944 0.045833 0.063889
1 0.537847 0.633796 0.043750 0.060185
1 0.738542 0.517593 0.042361 0.059259
2 0.716319 0.650000 0.040972 0.055556
2 0.522569 0.462500 0.038194 0.050926
3 0.676042 0.667130 0.042361 0.062037
3 0.756944 0.213426 0.045833 0.062037
4 0.439583 0.536574 0.040278 0.050926
4 0.786806 0.725463 0.043056 0.058333
5 0.200694 0.327778 0.069444 0.090741
5 0.713889 0.730556 0.066667 0.087037
6 0.365972 0.559259 0.068056 0.085185
6 0.472917 0.765741 0.066667 0.094444
8 0.333333 0.682407 0.068056 0.092593
8 0.524306 0.387037 0.065278 0.088889
