8 0.531944 0.386111 0.068056 0.090741
8 0.320833 0.648148 0.070833 0.088889
0 0.389236 0.720833 0.040972 0.060185
0 0.182986 0.705556 0.045139 0.057407
1 0.526736 0.629167 0.040972 0.058333
1 0.737847 0.542130 0.040972 0.058333
2 0.704514 0.669907 0.039583 0.056481
2 0.521875 0.457870 0.042361 0.052778
3 0.662153 0.680093 0.045139 0.062037
3 0.776042 0.242593 0.043750 0.057407
4 0.435069 0.514815 0.045139 0.061111
4 0.768403 0.751852 0.045139 0.059259
5 0.693056 0.750000 0.070833 0.092593
5 0.208333 0.279630 0.073611 0.088889
6 0.361806 0.528704 0.068056 0.088889
6 0.448611 0.750000 0.069444 0.096296
7 0.756944 0.680556 0.068056 0.085185
7 0.528125 0.750000 0.068750 0.092593
