7 0.529861 0.756481 0.066667 0.094444
7 0.757639 0.688889 0.063889 0.087037
0 0.386458 0.724537 0.038194 0.049074
0 0.184375 0.707870 0.047917 0.060185
1 0.528125 0.633796 0.040972 0.052778
1 0.738542 0.545833 0.039583 0.058333
2 0.703125 0.676389 0.042361 0.058333
2 0.525347 0.462500 0.040972 0.054630
3 0.661458 0.687500 0.038194 0.058333
3 0.776042 0.250463 0.040972 0.056481
4 0.436806 0.520370 0.045833 0.061111
4 0.767014 0.758796 0.045139 0.060185
5 0.213194 0.278704 0.066667 0.083333
5 0.693056 0.754630 0.068056 0.090741
6 0.363889 0.533333 0.066667 0.090741
6 0.447917 0.753704 0.068056 0.100000
8 0.531944 0.389815 0.073611 0.083333
8 0.319792 0.650000 0.070139 0.088889
