8 0.318056 0.644444 0.066667 0.088889
8 0.531944 0.387963 0.068056 0.083333
0 0.384375 0.725463 0.039583 0.054630
0 0.183681 0.706944 0.038194 0.058333
1 0.527431 0.632870 0.045139 0.054630
1 0.737847 0.548611 0.043750 0.060185
2 0.703819 0.678241 0.040972 0.058333
2 0.525347 0.462500 0.040972 0.050926
3 0.662153 0.686574 0.042361 0.060185
3 0.779514 0.248611 0.045139 0.063889
4 0.438194 0.518519 0.045833 0.064815
4 0.766319 0.757870 0.040972 0.054630
5 0.692361 0.757407 0.066667 0.088889
5 0.213194 0.275000 0.066667 0.083333
6 0.361111 0.534259 0.069444 0.088889
6 0.446528 0.754630 0.068056 0.090741
7 0.529167 0.757407 0.068056 0.100000
7 0.758333 0.687963 0.068056 0.092593
