5 0.213889 0.278704 0.068056 0.096296
7 0.756597 0.691667 0.070139 0.100000
6 0.362153 0.534722 0.063194 0.093519
8 0.318750 0.649537 0.069444 0.089815
6 0.447569 0.751389 0.064583 0.082407
7 0.526736 0.756019 0.057639 0.097222
1 0.528472 0.631944 0.041667 0.062037
1 0.742361 0.545833 0.043056 0.069444
0 0.386806 0.729167 0.043056 0.054630
4 0.437847 0.521296 0.042361 0.055556
0 0.179861 0.710648 0.047222 0.056481
2 0.525000 0.460648 0.043056 0.054630
3 0.660417 0.687037 0.040278 0.057407
2 0.703819 0.675926 0.039583 0.061111
5 0.694097 0.758333 0.059028 0.087037
8 0.532986 0.387500 0.061806 0.080556
3 0.778125 0.251852 0.046528 0.059259
4 0.766667 0.762963 0.040278 0.057407
