0 0.247569 0.527778 0.042361 0.057407
0 0.762847 0.462963 0.043750 0.053704
1 0.436458 0.397222 0.045139 0.055556
1 0.397222 0.541667 0.044444 0.053704
2 0.395139 0.646759 0.043056 0.056481
2 0.625347 0.392593 0.042361 0.053704
3 0.253819 0.666667 0.043750 0.051852
3 0.348958 0.422685 0.045139 0.054630
4 0.343750 0.593056 0.041667 0.052778
4 0.329167 0.731481 0.043056 0.053704
5 0.295139 0.436574 0.068056 0.086111
5 0.804861 0.658333 0.066667 0.085185
6 0.305903 0.662037 0.064583 0.088889
6 0.624653 0.758796 0.064583 0.086111
7 0.564583 0.666667 0.066667 0.087037
7 0.772917 0.736574 0.066667 0.086111
8 0.350347 0.505093 0.067361 0.087963
8 0.702431 0.748148 0.065972 0.090741
