0 0.246875 0.526852 0.043750 0.055556
0 0.763194 0.462037 0.043056 0.055556
1 0.436111 0.395370 0.044444 0.053704
1 0.397222 0.541204 0.043056 0.058333
2 0.394444 0.646759 0.041667 0.056481
2 0.625694 0.391667 0.041667 0.055556
3 0.348958 0.419907 0.043750 0.054630
3 0.252778 0.665278 0.041667 0.054630
4 0.343750 0.593056 0.043056 0.058333
4 0.330208 0.730093 0.043750 0.050926
5 0.296528 0.434259 0.068056 0.087037
5 0.804861 0.657407 0.069444 0.088889
6 0.306597 0.661574 0.063194 0.086111
6 0.624306 0.758796 0.068056 0.084259
7 0.564931 0.665741 0.068750 0.087037
7 0.772569 0.734722 0.067361 0.084259
8 0.351389 0.503704 0.068056 0.088889
8 0.701389 0.747685 0.068056 0.093519
