0 0.247222 0.527778 0.044444 0.059259
0 0.762500 0.462500 0.044444 0.058333
1 0.437500 0.397222 0.043056 0.055556
1 0.398264 0.542130 0.045139 0.056481
2 0.394792 0.647685 0.043750 0.052778
2 0.625000 0.392593 0.041667 0.053704
3 0.253819 0.665278 0.043750 0.054630
3 0.351042 0.422222 0.043750 0.053704
4 0.344097 0.592130 0.043750 0.052778
4 0.331250 0.732870 0.044444 0.054630
5 0.297569 0.434259 0.065972 0.087037
5 0.805208 0.657870 0.068750 0.084259
6 0.305903 0.662037 0.063194 0.087037
6 0.624306 0.760185 0.068056 0.087037
7 0.771875 0.738426 0.067361 0.084259
7 0.565278 0.665741 0.068056 0.087037
8 0.700347 0.747222 0.067361 0.090741
8 0.351736 0.503241 0.067361 0.084259
