0 0.407639 0.564815 0.043056 0.053704
0 0.789236 0.537037 0.042361 0.057407
1 0.570833 0.342593 0.044444 0.059259
1 0.783681 0.465278 0.043750 0.056481
2 0.776042 0.381019 0.042361 0.056481
2 0.620486 0.728704 0.042361 0.055556
3 0.381944 0.761111 0.047222 0.055556
3 0.483681 0.408333 0.042361 0.059259
4 0.438542 0.604167 0.039583 0.056481
4 0.599306 0.780556 0.041667 0.057407
5 0.427431 0.409259 0.067361 0.087037
5 0.805903 0.689352 0.064583 0.086111
6 0.444097 0.725000 0.067361 0.085185
6 0.659375 0.782407 0.063194 0.092593
7 0.737847 0.672222 0.067361 0.090741
7 0.815625 0.781481 0.068750 0.092593
8 0.731597 0.774537 0.068750 0.091667
8 0.433333 0.498148 0.068056 0.087037
