0 0.378472 0.565278 0.043056 0.052778
0 0.784722 0.533796 0.041667 0.058333
1 0.569444 0.340741 0.043056 0.055556
1 0.784722 0.462963 0.043056 0.053704
2 0.775694 0.377315 0.043056 0.056481
2 0.600000 0.731019 0.043056 0.052778
3 0.342361 0.755556 0.045833 0.057407
3 0.481944 0.406019 0.043056 0.056481
4 0.407986 0.610185 0.045139 0.051852
4 0.577778 0.779630 0.044444 0.055556
5 0.427083 0.408796 0.066667 0.087963
5 0.806597 0.688426 0.065972 0.089815
6 0.425347 0.736574 0.067361 0.087963
6 0.646875 0.780556 0.065972 0.088889
7 0.739583 0.670833 0.068056 0.091667
7 0.815972 0.780556 0.070833 0.090741
8 0.730208 0.773148 0.067361 0.087037
8 0.434028 0.496759 0.068056 0.089815
