0 0.240278 0.563889 0.044444 0.051852
0 0.620486 0.533796 0.046528 0.058333
1 0.489931 0.330093 0.045139 0.054630
1 0.682639 0.432870 0.047222 0.056481
2 0.690278 0.348148 0.048611 0.057407
2 0.310069 0.746759 0.042361 0.054630
3 0.227083 0.689815 0.041667 0.051852
3 0.345139 0.405556 0.041667 0.055556
4 0.249653 0.623148 0.042361 0.053704
4 0.272569 0.682870 0.039583 0.052778
5 0.289236 0.400000 0.065972 0.081481
5 0.785069 0.683333 0.065972 0.087037
6 0.251389 0.772222 0.063889 0.090741
6 0.399306 0.777778 0.068056 0.090741
7 0.713542 0.669444 0.070139 0.094444
7 0.743056 0.771296 0.069444 0.094444
8 0.672917 0.775926 0.070833 0.092593
8 0.267708 0.487500 0.067361 0.084259
