1 0.230903 0.276389 0.045139 0.050926
1 0.273264 0.318981 0.042361 0.056481
0 0.287500 0.534259 0.041667 0.053704
0 0.241667 0.555093 0.043056 0.052778
2 0.249653 0.225000 0.040972 0.053704
2 0.271181 0.706481 0.042361 0.053704
3 0.230903 0.686574 0.043750 0.050926
3 0.289931 0.404630 0.042361 0.051852
4 0.233681 0.619444 0.040972 0.050000
4 0.270833 0.647222 0.041667 0.050000
5 0.236458 0.383796 0.064583 0.087963
5 0.726389 0.700463 0.066667 0.089815
6 0.251389 0.773611 0.066667 0.086111
6 0.320139 0.772685 0.063889 0.087963
7 0.463542 0.773148 0.071528 0.087037
7 0.642361 0.672685 0.066667 0.089815
8 0.387500 0.769444 0.068056 0.083333
8 0.238542 0.483796 0.068750 0.084259
