0 0.565972 0.353241 0.040278 0.056481
0 0.631250 0.336574 0.044444 0.054630
1 0.368056 0.345370 0.043056 0.053704
1 0.525000 0.318981 0.043056 0.054630
2 0.466667 0.716204 0.044444 0.052778
2 0.804514 0.292130 0.042361 0.052778
3 0.427083 0.689815 0.041667 0.055556
3 0.755903 0.355556 0.043750 0.053704
4 0.526042 0.531019 0.042361 0.054630
4 0.705903 0.456019 0.042361 0.054630
5 0.800000 0.637500 0.066667 0.086111
5 0.419444 0.308333 0.068056 0.085185
6 0.248611 0.817593 0.069444 0.085185
6 0.530208 0.808333 0.065972 0.083333
7 0.626736 0.704630 0.067361 0.087037
7 0.754861 0.725000 0.068056 0.085185
8 0.628125 0.810648 0.067361 0.087963
8 0.467361 0.370833 0.065278 0.084259
