0 0.565625 0.349074 0.042361 0.053704
0 0.631944 0.331481 0.041667 0.055556
1 0.370486 0.343981 0.046528 0.056481
1 0.527083 0.315741 0.043056 0.059259
2 0.805903 0.290741 0.046528 0.053704
2 0.468056 0.712037 0.043056 0.050000
3 0.428472 0.688426 0.044444 0.054630
3 0.765278 0.356019 0.044444 0.054630
4 0.527431 0.530093 0.042361 0.056481
4 0.707639 0.443056 0.044444 0.056481
5 0.422917 0.304630 0.068056 0.081481
5 0.799653 0.638889 0.067361 0.088889
6 0.248264 0.816204 0.070139 0.086111
6 0.530208 0.807870 0.064583 0.086111
7 0.626736 0.703704 0.067361 0.090741
7 0.753819 0.724537 0.067361 0.091667
8 0.625694 0.809722 0.069444 0.087963
8 0.468750 0.368056 0.066667 0.084259
