0 0.449306 0.513889 0.041667 0.055556
0 0.566667 0.648148 0.043056 0.059259
1 0.237500 0.570370 0.044444 0.059259
1 0.353472 0.382870 0.043056 0.052778
2 0.311458 0.636111 0.043750 0.053704
2 0.755903 0.346759 0.042361 0.050926
3 0.343056 0.525926 0.041667 0.055556
3 0.637847 0.381944 0.043750 0.058333
4 0.386806 0.496759 0.041667 0.056481
4 0.698958 0.411574 0.042361 0.060185
5 0.291667 0.395370 0.065278 0.083333
5 0.723264 0.673611 0.065972 0.086111
6 0.389236 0.840278 0.065972 0.084259
6 0.278125 0.495833 0.065972 0.086111
7 0.663542 0.743519 0.067361 0.088889
7 0.729861 0.577315 0.072222 0.089815
8 0.342014 0.454630 0.067361 0.088889
8 0.499653 0.790741 0.074306 0.096296
