0 0.467361 0.556019 0.047222 0.058333
0 0.587500 0.766204 0.044444 0.056481
1 0.246875 0.523611 0.043750 0.056481
1 0.382986 0.322685 0.045139 0.054630
2 0.341667 0.569907 0.044444 0.054630
2 0.796181 0.251852 0.045139 0.055556
3 0.654514 0.329167 0.045139 0.060185
3 0.353125 0.473611 0.047917 0.054630
4 0.404514 0.493981 0.043750 0.058333
4 0.728125 0.339352 0.043750 0.060185
5 0.321875 0.331944 0.070139 0.086111
5 0.754861 0.610648 0.069444 0.087963
6 0.304514 0.433796 0.068750 0.086111
6 0.394444 0.775926 0.070833 0.100000
7 0.689583 0.693056 0.072222 0.086111
7 0.761458 0.518519 0.070139 0.090741
8 0.508333 0.795833 0.068056 0.089815
8 0.369097 0.392130 0.072917 0.084259
