0 0.474653 0.573611 0.042361 0.060185
0 0.610069 0.671296 0.043750 0.059259
1 0.261458 0.480093 0.045139 0.054630
1 0.403819 0.248611 0.043750 0.054630
2 0.375000 0.499074 0.041667 0.051852
2 0.806944 0.160648 0.044444 0.054630
3 0.675000 0.261111 0.045833 0.053704
3 0.371181 0.412963 0.043750 0.053704
4 0.413194 0.462037 0.041667 0.051852
4 0.755556 0.238426 0.044444 0.062037
5 0.346528 0.251389 0.068056 0.087963
5 0.797222 0.515278 0.069444 0.089815
6 0.415625 0.634722 0.067361 0.086111
6 0.331597 0.361111 0.067361 0.081481
7 0.804167 0.426852 0.068056 0.087037
7 0.740972 0.617130 0.069444 0.087963
8 0.391319 0.320370 0.068750 0.083333
8 0.543056 0.630093 0.070833 0.087963
