0 0.608333 0.531481 0.044444 0.055556
0 0.434375 0.668981 0.043750 0.058333
1 0.229861 0.520833 0.047222 0.058333
1 0.392361 0.325000 0.043056 0.050000
2 0.337153 0.531481 0.043750 0.055556
2 0.738194 0.300000 0.045833 0.057407
3 0.645139 0.307407 0.044444 0.061111
3 0.353125 0.465741 0.045139 0.053704
4 0.390278 0.505093 0.044444 0.058333
4 0.690972 0.310648 0.040278 0.058333
5 0.315278 0.334722 0.069444 0.084259
5 0.737500 0.521759 0.066667 0.087963
6 0.297569 0.424074 0.067361 0.087037
6 0.366667 0.628241 0.068056 0.091667
7 0.735069 0.429630 0.068750 0.088889
7 0.757986 0.646296 0.067361 0.087037
8 0.551389 0.534259 0.069444 0.092593
8 0.372917 0.396759 0.070833 0.084259
