0 0.612500 0.540278 0.044444 0.056481
0 0.397917 0.758796 0.045833 0.063889
1 0.207292 0.576852 0.043750 0.057407
1 0.402083 0.466667 0.043056 0.055556
2 0.301042 0.622685 0.042361 0.052778
2 0.718403 0.419444 0.047917 0.055556
3 0.616319 0.457870 0.043750 0.056481
3 0.331250 0.580093 0.044444 0.050926
4 0.386458 0.586111 0.046528 0.053704
4 0.668403 0.422222 0.045139 0.053704
5 0.296181 0.462037 0.065972 0.085185
5 0.680208 0.587500 0.070139 0.091667
6 0.271875 0.547222 0.071528 0.087037
6 0.327778 0.684722 0.072222 0.087963
7 0.680903 0.495370 0.068750 0.088889
7 0.730556 0.727778 0.072222 0.094444
8 0.360069 0.511574 0.070139 0.084259
8 0.560069 0.522222 0.068750 0.087037
