0 0.349653 0.625463 0.046528 0.058333
0 0.735764 0.592593 0.046528 0.057407
1 0.271181 0.538426 0.046528 0.056481
1 0.437500 0.412963 0.045833 0.053704
2 0.712847 0.202315 0.042361 0.054630
2 0.246528 0.592593 0.044444 0.057407
3 0.364583 0.457407 0.044444 0.057407
3 0.688194 0.330556 0.045833 0.057407
4 0.407292 0.454167 0.043750 0.058333
4 0.796528 0.287963 0.045833 0.055556
5 0.338194 0.356481 0.068056 0.090741
5 0.751389 0.479630 0.066667 0.087037
6 0.301389 0.435185 0.065278 0.081481
6 0.364583 0.548148 0.068056 0.085185
7 0.801736 0.565278 0.067361 0.086111
7 0.751389 0.369444 0.066667 0.085185
8 0.404167 0.327315 0.068056 0.087963
8 0.621528 0.271759 0.069444 0.095370
