0 0.694444 0.727315 0.041667 0.058333
0 0.739931 0.725926 0.043750 0.055556
1 0.375000 0.662037 0.045833 0.057407
1 0.691319 0.293056 0.043750 0.056481
2 0.754861 0.311111 0.043056 0.053704
2 0.648264 0.731944 0.046528 0.058333
3 0.563889 0.446296 0.044444 0.055556
3 0.777431 0.369444 0.043750 0.051852
4 0.650694 0.461111 0.041667 0.053704
4 0.772222 0.504630 0.044444 0.059259
5 0.780208 0.621296 0.070139 0.083333
5 0.419444 0.442130 0.069444 0.086111
6 0.360417 0.537963 0.068056 0.087037
6 0.444792 0.675000 0.065972 0.088889
8 0.483681 0.378704 0.068750 0.088889
8 0.727083 0.377315 0.066667 0.086111
7 0.719792 0.496759 0.065972 0.087963
7 0.792014 0.719444 0.064583 0.092593
