0 0.688889 0.773148 0.045833 0.059259
0 0.735069 0.775463 0.043750 0.058333
1 0.368056 0.680556 0.047222 0.055556
1 0.706944 0.333796 0.044444 0.062037
2 0.773264 0.364352 0.042361 0.056481
2 0.642014 0.775000 0.042361 0.055556
3 0.574653 0.465741 0.043750 0.059259
3 0.792361 0.418981 0.044444 0.052778
4 0.661458 0.502315 0.045139 0.058333
4 0.779861 0.558796 0.044444 0.050926
5 0.424653 0.457407 0.067361 0.087037
5 0.782639 0.680556 0.069444 0.094444
6 0.361458 0.550000 0.065972 0.087037
6 0.438889 0.694907 0.068056 0.086111
7 0.729167 0.539352 0.068056 0.091667
7 0.791667 0.780093 0.069444 0.089815
8 0.494097 0.398611 0.071528 0.086111
8 0.737500 0.423148 0.066667 0.092593
