0 0.379167 0.787037 0.043056 0.061111
0 0.348611 0.845370 0.040278 0.053704
1 0.468750 0.416667 0.043056 0.057407
1 0.509375 0.441204 0.040972 0.056481
2 0.477431 0.359722 0.042361 0.054630
2 0.304167 0.830556 0.044444 0.055556
3 0.727083 0.649074 0.043056 0.055556
3 0.738889 0.358333 0.041667 0.053704
4 0.649653 0.420370 0.043750 0.055556
4 0.748611 0.840741 0.040278 0.053704
5 0.467361 0.856944 0.065278 0.089815
5 0.398611 0.388426 0.069444 0.087963
6 0.298958 0.500926 0.065972 0.087037
6 0.299653 0.674074 0.065972 0.090741
7 0.400347 0.856944 0.064583 0.089815
7 0.795139 0.354630 0.068056 0.090741
8 0.256597 0.368519 0.068750 0.090741
8 0.532292 0.373611 0.065972 0.089815
