0 0.365625 0.841204 0.042361 0.054630
0 0.351389 0.895833 0.040278 0.049074
1 0.455208 0.450000 0.043750 0.053704
1 0.500000 0.474537 0.045833 0.054630
2 0.467708 0.395833 0.042361 0.056481
2 0.307986 0.888426 0.042361 0.058333
3 0.713194 0.368981 0.045833 0.056481
3 0.731944 0.664815 0.043056 0.055556
4 0.635069 0.443056 0.042361 0.054630
4 0.749653 0.852778 0.042361 0.055556
5 0.382986 0.435648 0.065972 0.086111
5 0.471181 0.894907 0.067361 0.093519
6 0.292361 0.558333 0.066667 0.090741
6 0.294792 0.731481 0.070139 0.085185
7 0.404514 0.894444 0.065972 0.090741
7 0.772222 0.369444 0.063889 0.085185
8 0.240972 0.428241 0.066667 0.084259
8 0.522222 0.406019 0.066667 0.084259
