0 0.382986 0.511574 0.045139 0.058333
0 0.382292 0.586574 0.046528 0.056481
1 0.437500 0.394444 0.041667 0.053704
1 0.482639 0.392593 0.043056 0.057407
2 0.456250 0.340278 0.043056 0.052778
2 0.333681 0.797685 0.046528 0.056481
3 0.754167 0.329167 0.043056 0.054630
3 0.759722 0.541204 0.045833 0.056481
4 0.625694 0.443981 0.045833 0.060185
4 0.773611 0.622685 0.041667 0.058333
5 0.389236 0.357870 0.065972 0.087963
5 0.484722 0.747222 0.066667 0.092593
6 0.291667 0.441204 0.069444 0.082407
6 0.301389 0.667593 0.069444 0.087037
7 0.667361 0.334259 0.063889 0.088889
7 0.399653 0.719907 0.067361 0.086111
8 0.193750 0.384722 0.066667 0.086111
8 0.527431 0.344907 0.070139 0.089815
