0 0.361111 0.577778 0.043056 0.057407
0 0.350694 0.680556 0.044444 0.053704
1 0.384028 0.641204 0.045833 0.054630
1 0.453472 0.649074 0.044444 0.055556
2 0.426736 0.593519 0.042361 0.055556
2 0.286806 0.916204 0.050000 0.060185
3 0.742361 0.511574 0.048611 0.058333
3 0.763194 0.364352 0.048611 0.069444
4 0.660069 0.698148 0.046528 0.061111
4 0.516319 0.843981 0.047917 0.060185
5 0.429514 0.919444 0.077083 0.096296
5 0.385417 0.477315 0.075000 0.089815
6 0.296875 0.495370 0.071528 0.090741
6 0.283681 0.745833 0.071528 0.089815
7 0.343056 0.839352 0.073611 0.093519
7 0.677083 0.450000 0.070833 0.094444
8 0.181250 0.500000 0.073611 0.087037
8 0.520486 0.603241 0.070139 0.102778
