0 0.564931 0.472222 0.046528 0.059259
0 0.261111 0.670370 0.044444 0.057407
1 0.507639 0.679630 0.047222 0.057407
1 0.790278 0.539352 0.045833 0.058333
2 0.735069 0.726852 0.040972 0.053704
2 0.532986 0.509259 0.042361 0.059259
3 0.730903 0.454167 0.047917 0.062037
3 0.712153 0.637500 0.047917 0.060185
4 0.434028 0.353241 0.047222 0.056481
4 0.811458 0.733796 0.043750 0.058333
5 0.676042 0.768519 0.068750 0.088889
5 0.510417 0.406944 0.068056 0.089815
6 0.373958 0.421296 0.067361 0.094444
6 0.505208 0.755556 0.068750 0.090741
7 0.572569 0.769907 0.067361 0.093519
7 0.784375 0.642593 0.070139 0.092593
8 0.254861 0.394907 0.073611 0.091667
8 0.588194 0.405556 0.069444 0.090741
