0 0.261111 0.671296 0.048611 0.059259
0 0.564236 0.468519 0.046528 0.057407
1 0.507639 0.676852 0.044444 0.061111
1 0.789583 0.537500 0.045833 0.058333
2 0.734028 0.724537 0.045833 0.058333
2 0.533681 0.509722 0.047917 0.062037
3 0.729861 0.455093 0.047222 0.060185
3 0.711458 0.634722 0.049306 0.060185
4 0.434375 0.349537 0.045139 0.056481
4 0.809375 0.729167 0.045139 0.056481
5 0.509375 0.405556 0.064583 0.087037
5 0.675694 0.764352 0.063889 0.089815
6 0.374653 0.420370 0.068750 0.094444
6 0.504861 0.753704 0.069444 0.087037
7 0.573264 0.770833 0.067361 0.089815
7 0.784375 0.642593 0.067361 0.087037
8 0.256944 0.397222 0.069444 0.088889
8 0.590278 0.401389 0.069444 0.093519
