0 0.204861 0.610648 0.048611 0.058333
0 0.559375 0.274074 0.045139 0.051852
1 0.744444 0.346296 0.044444 0.055556
1 0.497569 0.658333 0.046528 0.055556
2 0.721528 0.619444 0.044444 0.059259
2 0.523611 0.241667 0.045833 0.055556
3 0.731250 0.197222 0.047222 0.057407
3 0.730903 0.465278 0.045139 0.058333
4 0.763194 0.611111 0.041667 0.050000
4 0.411111 0.270833 0.044444 0.058333
5 0.468056 0.241667 0.069444 0.087037
5 0.696875 0.719444 0.070139 0.088889
6 0.330556 0.356481 0.070833 0.090741
6 0.495486 0.759259 0.068750 0.090741
7 0.566319 0.747685 0.067361 0.086111
7 0.762847 0.537963 0.067361 0.085185
8 0.603125 0.228241 0.071528 0.084259
8 0.222569 0.381944 0.070139 0.091667
