0 0.205556 0.754167 0.052778 0.062037
0 0.361806 0.786574 0.045833 0.060185
1 0.454167 0.633333 0.048611 0.055556
1 0.732292 0.492593 0.042361 0.055556
2 0.724306 0.641204 0.044444 0.054630
2 0.505556 0.479167 0.044444 0.056481
3 0.685069 0.662500 0.046528 0.058333
3 0.755556 0.214815 0.044444 0.061111
4 0.432292 0.524074 0.047917 0.059259
4 0.790625 0.717130 0.043750 0.052778
5 0.719792 0.727778 0.067361 0.083333
5 0.212500 0.324537 0.068056 0.086111
6 0.367361 0.559259 0.069444 0.092593
6 0.476736 0.760185 0.068750 0.087037
7 0.560417 0.750926 0.069444 0.092593
7 0.781597 0.646296 0.067361 0.090741
8 0.516667 0.395370 0.069444 0.081481
8 0.332986 0.674537 0.067361 0.084259
