0 0.184028 0.707407 0.048611 0.061111
0 0.386806 0.723148 0.045833 0.061111
1 0.526736 0.626852 0.043750 0.055556
1 0.737500 0.538426 0.044444 0.060185
2 0.702778 0.668981 0.040278 0.052778
2 0.524653 0.456019 0.043750 0.052778
3 0.660417 0.681019 0.045833 0.052778
3 0.773264 0.242593 0.046528 0.055556
4 0.436458 0.515741 0.043750 0.057407
4 0.767014 0.751389 0.042361 0.056481
5 0.212153 0.276852 0.067361 0.085185
5 0.692361 0.746759 0.065278 0.084259
6 0.362153 0.528704 0.067361 0.087037
6 0.448264 0.748148 0.067361 0.090741
7 0.531597 0.752778 0.067361 0.094444
7 0.758333 0.681481 0.066667 0.088889
8 0.532639 0.384722 0.069444 0.089815
8 0.321875 0.647222 0.070139 0.085185
