0 0.184028 0.705093 0.048611 0.056481
0 0.387500 0.725926 0.044444 0.055556
1 0.528125 0.631019 0.042361 0.056481
1 0.737847 0.542593 0.043750 0.059259
2 0.704167 0.670370 0.041667 0.055556
2 0.524306 0.458796 0.044444 0.052778
3 0.773958 0.244907 0.042361 0.056481
3 0.659375 0.682407 0.043750 0.055556
4 0.766667 0.753241 0.041667 0.056481
4 0.439236 0.518981 0.043750 0.062037
5 0.212847 0.277778 0.067361 0.085185
5 0.692361 0.750000 0.065278 0.087037
6 0.364583 0.530556 0.068056 0.088889
6 0.450000 0.751852 0.068056 0.090741
7 0.530556 0.751389 0.069444 0.093519
7 0.757292 0.683796 0.065972 0.091667
8 0.534028 0.385648 0.068056 0.089815
8 0.322917 0.647222 0.070833 0.088889
