0 0.183333 0.707870 0.043056 0.056481
0 0.386806 0.728241 0.045833 0.058333
1 0.527778 0.633796 0.041667 0.058333
1 0.738889 0.547222 0.045833 0.059259
2 0.703819 0.678704 0.045139 0.055556
2 0.525000 0.460185 0.044444 0.057407
3 0.662500 0.689352 0.041667 0.056481
3 0.778472 0.248148 0.048611 0.057407
4 0.436806 0.519444 0.044444 0.055556
4 0.766667 0.760648 0.043056 0.056481
5 0.213194 0.277778 0.068056 0.087037
5 0.692361 0.755093 0.068056 0.089815
6 0.361111 0.531481 0.069444 0.088889
6 0.448611 0.754630 0.066667 0.092593
7 0.758681 0.690278 0.067361 0.089815
7 0.529861 0.756944 0.069444 0.093519
8 0.532986 0.385648 0.065972 0.089815
8 0.319792 0.650000 0.070139 0.090741
