8 0.350694 0.507407 0.063889 0.092593
8 0.702778 0.750000 0.062500 0.090741
0 0.248958 0.527315 0.043750 0.060185
0 0.762153 0.466667 0.053472 0.057407
1 0.395833 0.548148 0.051389 0.059259
1 0.437153 0.400463 0.054861 0.065741
2 0.396528 0.651852 0.044444 0.053704
2 0.625000 0.391667 0.045833 0.059259
3 0.254514 0.669444 0.050694 0.059259
3 0.350694 0.421759 0.050000 0.060185
4 0.345833 0.594907 0.045833 0.060185
4 0.329167 0.737963 0.041667 0.057407
5 0.297917 0.430556 0.068056 0.087037
5 0.806250 0.660185 0.070833 0.088889
6 0.625347 0.758796 0.068750 0.091667
6 0.305903 0.662963 0.067361 0.088889
7 0.564931 0.665741 0.068750 0.090741
7 0.771181 0.740741 0.071528 0.098148
