0 0.249306 0.529167 0.048611 0.062037
0 0.762153 0.466667 0.047917 0.062963
1 0.436458 0.398611 0.050694 0.062037
1 0.395833 0.545833 0.048611 0.062037
2 0.397569 0.647222 0.049306 0.062963
2 0.623611 0.392130 0.052778 0.067593
3 0.255208 0.670370 0.036806 0.059259
3 0.352083 0.421296 0.048611 0.062963
4 0.342708 0.595833 0.046528 0.060185
4 0.329167 0.731944 0.047222 0.056481
5 0.295486 0.434722 0.071528 0.095370
5 0.806250 0.661111 0.066667 0.085185
6 0.626042 0.755556 0.078472 0.083333
6 0.306250 0.662500 0.068056 0.086111
7 0.566319 0.666667 0.074306 0.092593
7 0.775694 0.738889 0.072222 0.085185
8 0.348611 0.507407 0.066667 0.092593
8 0.701389 0.746759 0.073611 0.099074
