0 0.248611 0.528241 0.044444 0.058333
0 0.762500 0.464352 0.047222 0.060185
1 0.397569 0.541204 0.052083 0.063889
1 0.439583 0.395833 0.048611 0.063889
2 0.623264 0.393056 0.045139 0.060185
2 0.398958 0.646296 0.047917 0.062963
3 0.252778 0.668519 0.043056 0.061111
3 0.352083 0.423611 0.048611 0.062037
4 0.344444 0.594444 0.044444 0.061111
4 0.331597 0.726389 0.045139 0.054630
5 0.298958 0.434722 0.065972 0.093519
5 0.802083 0.654167 0.069444 0.084259
6 0.307986 0.660185 0.063194 0.090741
6 0.626389 0.754630 0.072222 0.085185
7 0.563542 0.662500 0.071528 0.091667
7 0.771181 0.733796 0.071528 0.089815
8 0.700347 0.743981 0.068750 0.086111
8 0.352083 0.505093 0.069444 0.095370
