0 0.797569 0.478704 0.050694 0.061111
0 0.414236 0.544444 0.050694 0.064815
1 0.636111 0.494907 0.048611 0.063889
1 0.538889 0.356944 0.044444 0.062037
2 0.780208 0.357870 0.043750 0.062037
2 0.640625 0.701389 0.050694 0.062037
3 0.410069 0.733796 0.049306 0.060185
3 0.482986 0.405093 0.045139 0.060185
4 0.447569 0.593056 0.049306 0.063889
4 0.629514 0.766204 0.049306 0.067593
5 0.426389 0.396296 0.069444 0.085185
5 0.812500 0.657870 0.068056 0.093519
7 0.746181 0.642593 0.071528 0.092593
7 0.814931 0.745370 0.063194 0.083333
8 0.751042 0.752778 0.067361 0.094444
8 0.443403 0.483796 0.072917 0.095370
6 0.454167 0.692130 0.069444 0.091667
6 0.684375 0.763426 0.068750 0.099074
