6 0.460069 0.706944 0.070139 0.089815
6 0.686806 0.762500 0.065278 0.091667
0 0.805556 0.476389 0.047222 0.065741
0 0.413194 0.556944 0.048611 0.060185
1 0.564583 0.323611 0.043056 0.052778
1 0.760764 0.443981 0.052083 0.067593
2 0.773611 0.355556 0.044444 0.057407
2 0.644792 0.710185 0.042361 0.055556
3 0.481597 0.395370 0.042361 0.061111
3 0.425347 0.760185 0.049306 0.059259
4 0.451042 0.594444 0.049306 0.061111
4 0.628472 0.765278 0.051389 0.069444
5 0.426389 0.402315 0.075000 0.087963
5 0.807639 0.658333 0.075000 0.092593
7 0.742361 0.642130 0.069444 0.087963
7 0.817014 0.750926 0.063194 0.094444
8 0.751042 0.753241 0.063194 0.097222
8 0.439931 0.494444 0.071528 0.094444
