8 0.241319 0.486111 0.072917 0.083333
8 0.610417 0.782870 0.072222 0.084259
7 0.698958 0.778241 0.072917 0.095370
7 0.705208 0.667130 0.074306 0.097222
6 0.318056 0.775463 0.076389 0.091667
6 0.250694 0.776389 0.065278 0.091667
5 0.231597 0.386111 0.065972 0.090741
5 0.775000 0.688889 0.070833 0.096296
4 0.229167 0.611111 0.037500 0.050000
4 0.267708 0.632870 0.050694 0.056481
3 0.231597 0.691667 0.049306 0.059259
3 0.288542 0.408333 0.049306 0.059259
2 0.279514 0.704167 0.047917 0.069444
2 0.597917 0.317593 0.048611 0.061111
1 0.593750 0.403241 0.050000 0.069444
1 0.392708 0.302315 0.047917 0.062037
0 0.237847 0.557407 0.047917 0.059259
0 0.513194 0.510648 0.047222 0.065741
