0 0.237500 0.556944 0.040278 0.058333
0 0.295139 0.510648 0.059722 0.067593
1 0.243056 0.280556 0.043056 0.055556
1 0.287153 0.315741 0.049306 0.064815
2 0.289236 0.251852 0.050694 0.061111
2 0.270833 0.702778 0.043056 0.055556
3 0.232986 0.686111 0.045139 0.064815
3 0.292014 0.401389 0.053472 0.065741
4 0.235069 0.618981 0.036806 0.058333
4 0.272222 0.650000 0.047222 0.051852
5 0.734375 0.697222 0.072917 0.087037
5 0.237847 0.380556 0.064583 0.085185
6 0.251389 0.775000 0.065278 0.092593
6 0.317014 0.775000 0.067361 0.096296
7 0.515278 0.786111 0.073611 0.098148
7 0.655903 0.664352 0.070139 0.099074
8 0.389583 0.772222 0.075000 0.107407
8 0.233681 0.480556 0.064583 0.085185
