5 0.776389 0.747685 0.069444 0.089815
5 0.292014 0.459259 0.064583 0.088889
6 0.281597 0.548611 0.065972 0.082407
6 0.429167 0.763426 0.075000 0.099074
7 0.690972 0.681019 0.070833 0.089815
7 0.689931 0.792593 0.067361 0.092593
8 0.534722 0.676852 0.068056 0.090741
8 0.349306 0.507407 0.063889 0.079630
1 0.214583 0.586574 0.044444 0.058333
1 0.352431 0.434722 0.043750 0.058333
0 0.420139 0.371296 0.043056 0.057407
0 0.539931 0.379630 0.040972 0.057407
2 0.312500 0.640741 0.043056 0.059259
2 0.792014 0.298148 0.042361 0.048148
3 0.676736 0.386574 0.045139 0.062037
3 0.358681 0.603241 0.043750 0.058333
4 0.413889 0.444907 0.047222 0.062037
4 0.668056 0.522222 0.047222 0.066667
