1 0.346875 0.429630 0.043750 0.053704
1 0.216667 0.580093 0.050000 0.062037
0 0.413889 0.372685 0.044444 0.054630
0 0.533333 0.378241 0.043056 0.060185
2 0.306250 0.637037 0.043056 0.059259
2 0.787153 0.298148 0.046528 0.068519
3 0.353472 0.600926 0.050000 0.055556
3 0.670486 0.381019 0.046528 0.060185
4 0.662847 0.518056 0.045139 0.062037
4 0.410417 0.444444 0.045833 0.059259
5 0.285764 0.455556 0.065972 0.083333
5 0.774653 0.741204 0.067361 0.093519
6 0.426042 0.755556 0.070139 0.092593
6 0.277431 0.543519 0.070139 0.083333
7 0.682639 0.671759 0.069444 0.084259
7 0.695486 0.799074 0.071528 0.088889
8 0.343403 0.504630 0.070139 0.081481
8 0.528819 0.676852 0.071528 0.090741
