0 0.413542 0.362500 0.038194 0.052778
0 0.532292 0.368519 0.029861 0.050000
1 0.344097 0.418981 0.036806 0.050926
1 0.212847 0.573611 0.042361 0.049074
2 0.304861 0.630093 0.038889 0.052778
2 0.781944 0.283333 0.041667 0.053704
3 0.673264 0.368056 0.045139 0.052778
3 0.348958 0.595370 0.049306 0.051852
4 0.410069 0.438889 0.038194 0.050000
4 0.659028 0.506944 0.043056 0.058333
5 0.773958 0.732407 0.056250 0.092593
5 0.289583 0.450000 0.059722 0.085185
6 0.275000 0.538889 0.066667 0.090741
6 0.423264 0.752778 0.064583 0.094444
7 0.701736 0.635648 0.100694 0.036111
7 0.695139 0.781481 0.068056 0.088889
8 0.530208 0.667593 0.070139 0.085185
8 0.343403 0.500463 0.070139 0.087963
