0 0.417708 0.362037 0.035417 0.048148
0 0.528125 0.366667 0.035417 0.057407
1 0.347569 0.418981 0.038194 0.054630
1 0.213542 0.570833 0.038194 0.045370
2 0.304861 0.630556 0.038889 0.046296
2 0.780208 0.279630 0.049306 0.059259
3 0.667708 0.369444 0.046528 0.051852
3 0.351042 0.590278 0.043750 0.050926
4 0.407292 0.440278 0.042361 0.062037
4 0.657292 0.502315 0.046528 0.054630
5 0.290278 0.443981 0.062500 0.076852
5 0.772917 0.729167 0.065278 0.084259
6 0.426736 0.745370 0.071528 0.100000
6 0.276042 0.539815 0.067361 0.090741
7 0.685764 0.662037 0.063194 0.085185
7 0.696528 0.782870 0.065278 0.089815
8 0.531944 0.667130 0.068056 0.084259
8 0.342361 0.493519 0.066667 0.085185
