0 0.570139 0.461574 0.041667 0.062037
0 0.442361 0.387963 0.041667 0.055556
1 0.351389 0.364352 0.041667 0.054630
1 0.245139 0.567130 0.036111 0.047222
2 0.312847 0.636574 0.031250 0.041667
2 0.731944 0.358796 0.040278 0.060185
3 0.647569 0.371759 0.038194 0.056481
3 0.351389 0.530556 0.047222 0.057407
4 0.409375 0.417130 0.043750 0.058333
4 0.699653 0.405093 0.039583 0.054630
5 0.729861 0.661574 0.062500 0.078704
5 0.296528 0.383333 0.065278 0.081481
6 0.411458 0.786111 0.067361 0.081481
6 0.280903 0.484722 0.072917 0.091667
7 0.671181 0.712963 0.060417 0.090741
7 0.736111 0.571296 0.069444 0.088889
8 0.513542 0.740741 0.068750 0.096296
8 0.345486 0.445833 0.064583 0.086111
