0 0.677778 0.773611 0.038889 0.049074
0 0.720486 0.775926 0.047917 0.059259
1 0.698958 0.327778 0.039583 0.051852
1 0.320486 0.695370 0.046528 0.055556
2 0.769097 0.356481 0.039583 0.055556
2 0.592708 0.778241 0.042361 0.060185
3 0.560764 0.453241 0.038194 0.052778
3 0.784375 0.416667 0.035417 0.055556
4 0.779861 0.572685 0.038889 0.056481
4 0.648264 0.495833 0.045139 0.054630
5 0.786458 0.680093 0.071528 0.084259
5 0.412847 0.453704 0.063194 0.081481
6 0.347917 0.546759 0.059722 0.087963
6 0.435764 0.691667 0.063194 0.079630
7 0.791319 0.778704 0.067361 0.081481
7 0.730903 0.541667 0.060417 0.092593
8 0.490278 0.398611 0.065278 0.086111
8 0.730903 0.424537 0.064583 0.087963
