0 0.677778 0.776389 0.041667 0.062037
0 0.723958 0.780093 0.039583 0.054630
1 0.699653 0.329630 0.038194 0.055556
1 0.267708 0.717130 0.049306 0.058333
2 0.550000 0.792130 0.038889 0.056481
2 0.770833 0.350926 0.033333 0.044444
3 0.785417 0.413426 0.041667 0.063889
3 0.531944 0.441204 0.043056 0.052778
4 0.637847 0.498148 0.036806 0.051852
4 0.777431 0.573611 0.039583 0.060185
5 0.784722 0.682407 0.066667 0.087037
5 0.401389 0.443981 0.066667 0.082407
6 0.436111 0.700926 0.069444 0.087037
6 0.336806 0.541667 0.072222 0.103704
7 0.732986 0.540278 0.060417 0.082407
7 0.794792 0.781481 0.070139 0.090741
8 0.489236 0.401852 0.064583 0.081481
8 0.730208 0.423148 0.068750 0.085185
