0 0.210069 0.757407 0.038194 0.048148
0 0.250000 0.769444 0.041667 0.051852
1 0.300000 0.628241 0.036111 0.056481
1 0.255208 0.379630 0.040972 0.051852
2 0.240972 0.306019 0.033333 0.052778
2 0.224653 0.823611 0.043750 0.058333
3 0.254167 0.466667 0.036111 0.055556
3 0.318403 0.362963 0.040972 0.053704
4 0.344792 0.547222 0.042361 0.050000
4 0.517708 0.629167 0.039583 0.054630
5 0.360069 0.768056 0.064583 0.087963
5 0.200694 0.448611 0.065278 0.086111
6 0.207986 0.568519 0.068750 0.083333
6 0.213889 0.684722 0.069444 0.084259
7 0.300347 0.810648 0.067361 0.095370
7 0.531597 0.519444 0.065972 0.081481
8 0.292014 0.291667 0.063194 0.088889
8 0.197222 0.341667 0.058333 0.077778
