0 0.211111 0.762037 0.038889 0.048148
0 0.253125 0.774537 0.038194 0.056481
1 0.301389 0.630556 0.044444 0.057407
1 0.254167 0.379630 0.036111 0.048148
2 0.241667 0.307870 0.034722 0.049074
2 0.226042 0.828241 0.042361 0.052778
3 0.255556 0.468056 0.041667 0.063889
3 0.319097 0.363426 0.045139 0.052778
4 0.342014 0.550926 0.045139 0.059259
4 0.517361 0.629167 0.041667 0.060185
5 0.360417 0.772685 0.066667 0.084259
5 0.200347 0.453241 0.064583 0.089815
6 0.205208 0.570833 0.064583 0.087963
6 0.213542 0.687500 0.071528 0.086111
7 0.533333 0.521759 0.068056 0.087963
7 0.299653 0.813889 0.065972 0.092593
8 0.195486 0.351389 0.054861 0.073148
8 0.289236 0.294907 0.061806 0.082407
