0 0.208681 0.764815 0.036806 0.055556
0 0.248958 0.774537 0.039583 0.056481
1 0.301736 0.632407 0.042361 0.059259
1 0.254167 0.378241 0.041667 0.045370
2 0.246181 0.302778 0.040972 0.050000
2 0.221181 0.835185 0.042361 0.059259
3 0.325694 0.361111 0.044444 0.053704
3 0.255903 0.467130 0.046528 0.045370
4 0.340972 0.553241 0.037500 0.052778
4 0.519444 0.631481 0.041667 0.055556
5 0.359028 0.775926 0.068056 0.092593
5 0.200347 0.444907 0.065972 0.078704
5 0.201736 0.567130 0.070139 0.084259
5 0.211111 0.691204 0.068056 0.084259
7 0.296875 0.821296 0.071528 0.090741
7 0.536458 0.529630 0.061806 0.085185
8 0.193056 0.343981 0.068056 0.089815
8 0.297569 0.299074 0.070139 0.085185
