0 0.350000 0.795833 0.036111 0.052778
0 0.405208 0.709722 0.046528 0.058333
1 0.475000 0.397685 0.037500 0.058333
1 0.511806 0.430093 0.036111 0.045370
2 0.478819 0.343981 0.032639 0.047222
2 0.298958 0.811111 0.050694 0.061111
3 0.732639 0.556019 0.037500 0.058333
3 0.740278 0.343981 0.044444 0.060185
4 0.643056 0.402778 0.051389 0.064815
4 0.753472 0.765741 0.040278 0.062963
5 0.475347 0.830556 0.059028 0.085185
5 0.404514 0.378704 0.061806 0.088889
5 0.304861 0.492593 0.072222 0.098148
5 0.307639 0.658333 0.068056 0.085185
7 0.408333 0.857870 0.066667 0.100926
7 0.797569 0.352778 0.068750 0.087037
8 0.531944 0.354630 0.062500 0.083333
8 0.267014 0.352778 0.067361 0.083333
