0 0.389236 0.776389 0.042361 0.060185
0 0.352778 0.842593 0.036111 0.057407
1 0.474653 0.411574 0.035417 0.054630
1 0.512500 0.434259 0.031944 0.057407
2 0.481250 0.350000 0.033333 0.057407
2 0.308681 0.822685 0.036806 0.049074
3 0.727083 0.629167 0.044444 0.060185
3 0.744792 0.357407 0.039583 0.055556
4 0.650694 0.415741 0.036111 0.046296
4 0.765278 0.823611 0.048611 0.073148
5 0.404514 0.383796 0.061806 0.089815
5 0.471875 0.851389 0.072917 0.097222
6 0.305208 0.665278 0.067361 0.089815
6 0.306250 0.492593 0.068056 0.092593
7 0.403819 0.850926 0.064583 0.085185
7 0.795486 0.351852 0.059028 0.094444
8 0.538542 0.367593 0.060417 0.087037
8 0.265278 0.360185 0.069444 0.087037
